Time load data:  9.00075101852

Preparing the network
Activation function in hidden layer 1: relu
Loss function: LogisticLoss
Learning rate: 0.07

Time preparing net:  1.78410601616
Data id =  0  Time:  0.584661960602
Data id =  50000  Time:  119.272090912
Data id =  100000  Time:  240.785336018
Data id =  150000  Time:  360.166373014

[ -6.37333584  -6.7461133   -6.50296974  -5.46184969  -6.0036869
  -7.07096291  -6.68422508  -5.4015913   -5.65266895  -8.29950523
 -12.58957863 -13.81727695  -7.95915556  -5.10402012  -5.22572184
  -2.8918457    2.90013528   4.74646807   8.69432259  12.50768661
  12.59782982  16.82202339  21.2237587   21.92051125  27.20773315
  25.43406296  29.89024925  33.50803757  31.28927422  32.40672302
  33.90694046  35.16552353  34.98745728  33.85860443  33.49724197
  36.51912689  35.97885132  36.18961716  37.13156128  37.5659523
  37.79991531  34.70095825  32.65733337  29.84197617  29.18475533
  24.49622726  20.84569168  15.98487759  11.25806999   8.41616821
   4.02745771   1.99698699   0.56260163   1.25161505   0.51936477
  -0.09522502  -2.54136348  -1.39022958  -2.3265245   -3.98683333
  -4.99790621  -6.93285847  -6.91420412  -7.9195056   -7.62230682
 -11.50422001  -7.80038357 -13.20725441 -10.8883276   -9.18161774
 -12.3985033  -12.56983566 -13.97357273 -11.74423313 -11.52252865
  -8.70599174 -10.16398525  -7.53473997  -7.03941011  -7.996984
  -5.69051838  -6.41697025  -7.81690598  -8.01459503  -7.96790123
  -9.02540398 -10.10004139  -9.59718609  -9.96107197  -6.21868372
  -6.0544858   -6.38214016  -5.06265116  -4.53453493  -5.82590199
  -6.03865814  -3.33118629  -3.65612173  -4.79341125  -4.22842789
  -6.23563766  -6.12894058  -5.24531126  -7.12674475  -6.84619141
  -6.00435448 -10.29797459  -8.07902908  -8.96787834 -10.13698673
 -10.90352821 -10.03454208  -8.46576881 -10.10436344 -13.40217113
 -10.64248085  -9.61948681  -9.69680214  -9.45183659  -6.24369383
  -4.44465923  -3.26478434   0.83986491   4.37436581  10.96882534
  14.48450851  19.9260788   22.98701477  21.61001205  29.33091164
  25.32994652  30.6696949   30.77196503  30.70131874  33.96136475
  31.96334839  33.95607376  31.42483902  30.26013565  31.18458939
  26.47157478  20.97191429  23.42662811  22.27667236  20.00316048
  20.12800026  19.51369858  17.45641899  15.84339237  14.497015
  16.74074173  14.8199892   17.71163177  17.7625885   17.62808418
  14.89711094  15.13612843  17.42379379  19.20249939  21.65278244
  23.25147629  25.07147789  25.10678101  24.43270493  25.23058128
  24.22556114  25.79309654  25.91447449  27.08395958  28.51089287
  23.78998566  24.91441536  24.62308311  23.35007858  22.14190865
  17.06319809  16.0154705   12.91487408  10.38190269   9.41930485
   7.76361132   5.39331579   5.6301527    1.01956999   0.09281126
  -2.92953634  -4.81291819  -3.81990337  -4.83283806  -4.02451611
  -5.14436197  -4.42246103  -4.50311041  -6.36339235  -7.18267202
  -8.6651268   -9.65034199  -9.75566292 -11.25112057 -11.93686867
 -10.84428501 -15.02406311 -16.10379601 -15.16738892 -12.98076344
 -14.9421339  -12.87120438 -11.12522793 -14.04083252 -13.69871998
 -11.76635838 -13.47388935 -12.34243679 -12.71039295 -10.20281029
  -9.4896841   -7.5613904   -8.11739254  -7.68498611  -6.74199295
  -6.61192131  -4.03916454  -2.54468036  -1.35399401   0.65074503
  11.39085388  16.81501198  19.14936829  18.20675278  24.47374725
  28.35407448  33.7340126   35.17628479  39.12155151  38.08136749
  38.17718124  39.81231689  38.2712326   38.14890671  39.2364006
  36.62811279  34.08823395  35.24113464  32.98895645  31.37452126
  30.09284401  28.11817551  28.03693581  25.22551346  23.0292511
  27.00065994  24.65232849  24.73357201  20.94253349  20.91106987
  19.37588692  19.88532257  17.06696701  16.4360199   15.96548176
  13.14544296  11.73788834   9.00272751   7.0411849    9.86956501
   8.32874966   7.39296532   7.35236359   7.22235107   8.17470741
   8.85445499   8.71600914   9.59171772  10.88183594   9.77115345
   8.13562584   8.60928249   8.35678768   4.63687325   3.90409827
   3.40203714   1.49930704   1.13256395  -0.93819964  -1.2689265
  -3.1128304   -3.00460505  -4.35673428  -3.98075151  -3.76471829
  -7.86947107  -8.21394348  -7.94706059  -9.45855141  -9.62912846
 -10.37387276 -11.05374718  -9.40695763  -6.84129047  -5.89216423]
<NDArray 300 @cpu(0)>

[-1. -1. -1. -1. -1. -1. -1. -1. -1. -1. -1. -1. -1. -1. -1. -1. -1. -1.
  1.  1.  1.  1.  1.  1.  1.  1.  1.  1.  1.  1.  1.  1.  1.  1.  1.  1.
  1.  1.  1.  1.  1.  1.  1.  1.  1.  1.  1.  1.  1.  1.  1.  1.  1. -1.
 -1. -1. -1. -1. -1. -1. -1. -1. -1. -1. -1. -1. -1. -1. -1. -1. -1. -1.
 -1. -1. -1. -1. -1. -1. -1. -1. -1. -1. -1. -1. -1. -1. -1. -1. -1. -1.
 -1. -1. -1. -1. -1. -1. -1. -1. -1. -1. -1. -1. -1. -1. -1. -1. -1. -1.
 -1. -1. -1. -1. -1. -1. -1. -1. -1. -1. -1. -1. -1. -1. -1.  1.  1.  1.
  1.  1.  1.  1.  1.  1.  1.  1.  1.  1.  1.  1.  1.  1.  1.  1.  1.  1.
  1.  1.  1.  1.  1.  1.  1.  1.  1.  1.  1.  1.  1.  1.  1.  1.  1.  1.
  1.  1.  1.  1.  1.  1.  1.  1.  1.  1.  1.  1.  1.  1.  1.  1.  1.  1.
  1.  1.  1.  1. -1. -1. -1. -1. -1. -1. -1.  1. -1. -1. -1. -1. -1. -1.
 -1. -1. -1. -1. -1. -1. -1. -1. -1. -1. -1. -1. -1. -1. -1. -1. -1. -1.
 -1. -1. -1. -1. -1. -1. -1. -1. -1.  1.  1.  1.  1.  1.  1.  1.  1.  1.
  1.  1.  1.  1.  1.  1.  1.  1.  1.  1.  1.  1.  1.  1.  1.  1.  1.  1.
  1.  1.  1.  1.  1.  1.  1.  1.  1.  1.  1.  1.  1.  1.  1.  1.  1.  1.
  1.  1.  1.  1.  1.  1.  1.  1.  1.  1.  1.  1. -1. -1. -1. -1. -1. -1.
 -1. -1. -1. -1. -1. -1. -1. -1. -1. -1. -1. -1.]
<NDArray 300 @cpu(0)>
Metric. Data id =  0  Time:  409.217602968
Metric. Data id =  50000  Time:  460.048951864

[-7.76411438 -3.92440224 -4.12807894 -3.83552122 -4.02262974 -4.12587404
 -4.02157736 -4.27746534 -5.00171471 -4.90870619 -4.94984293 -5.55397844
 -6.18331814 -6.18778229 -5.94881821 -6.02588511 -5.86969948 -5.80406857
 -6.0772109  -6.31111526 -6.50547457 -6.84453011 -6.69316101 -6.97684717
 -7.09132385 -7.29616356 -7.30949497 -7.22022486 -6.84602928 -7.02383423
 -7.08185291 -6.85005093 -7.15059423 -6.60402584 -6.67614985 -6.31475019
 -6.3545022  -6.02305412 -6.19234562 -6.24409866 -5.96390152 -6.13623857
 -6.02649498 -5.88397837 -5.64484835 -5.53136063 -5.55164766 -6.02372026
 -5.82156181 -5.8925705  -5.95892572 -5.72870779 -6.14527559 -6.16291523
 -6.92811537 -6.66503572 -7.57817793 -7.78610325 -7.53773451 -7.50071144
 -6.98686838 -7.38858986 -6.75576305 -7.33889675 -7.16048622 -6.70475054
 -6.65292263 -6.49929237 -6.73249149 -6.51928616 -6.63673019 -6.85531282
 -7.20527172 -6.91634464 -7.06539345 -6.72516584 -6.86954069 -6.38175297
 -6.46871376 -6.63797712 -6.43390799 -6.08352757 -5.76234674 -5.56668854
 -5.3184824  -5.44967318 -5.34671736 -4.94591904 -4.36558771 -4.13554859
 -3.85470963 -3.72696877 -3.37437105 -3.32575202 -3.31924486 -3.10794544
 -3.0813334  -3.37722278 -3.31047869 -3.44966149 -3.23210049 -3.17962122
 -3.43969822 -3.65260124 -3.68782878 -4.22392559 -4.21202564 -4.04764175
 -4.22532606 -4.06026983 -4.30733109 -4.42644882 -4.30428553 -4.81160975
 -4.86051226 -4.87084436 -4.82934713 -4.95175934 -5.31591988 -5.30727148
 -5.4562912  -5.72054577 -5.6992445  -5.80250454 -5.75065851 -5.87347889
 -5.82223225 -6.15613651 -6.14786768 -6.4059267  -6.51130629 -6.3878665
 -6.56357384 -6.37659454 -6.51239777 -6.89055777 -6.54989481 -6.7814579
 -6.72424412 -6.92439365 -6.66532946 -5.85395765 -6.06614876 -6.23333836
 -6.50104809 -6.32720757 -6.54809618 -6.54239988 -6.47903585 -6.63469028
 -6.15378523 -6.12684298 -6.3349824  -6.40934896 -6.36093521 -6.4907608
 -6.4178195  -6.47917557 -6.60077    -6.47571421 -6.62988377 -6.38799477
 -6.46387768 -6.76105404 -7.10498095 -7.42436552 -7.3862133  -7.22279644
 -7.54466009 -7.64878225 -7.49846411 -7.58850956 -7.41766787 -7.56732178
 -7.32688332 -7.35625839 -7.17457533 -7.21459484 -7.15204716 -6.95656061
 -6.82447815 -6.5987649  -6.42785931 -6.35275126 -6.20767832 -6.55716658
 -6.44732904 -6.9808979  -7.31707859 -7.18908024 -7.23595619 -6.90913868
 -6.94272327 -6.88923788 -6.91566324 -6.39894867 -6.2785759  -6.32959366
 -6.74716902 -6.57927656 -6.78930902 -7.24463224 -7.18546772 -6.66236973
 -6.34501076 -6.52868366 -6.98269558 -6.88945293 -7.0927763  -7.06273937
 -7.34358406 -7.4528532  -7.23902512 -7.1875515  -7.46277905 -7.9652915
 -7.7144084  -7.8922224  -7.68246126 -7.62710857 -7.79117584 -8.11205292
 -8.30268478 -8.24078846 -8.08793068 -8.53469467 -8.77685261 -7.99493647
 -8.30334282 -7.622962   -8.22280121 -8.2174263  -8.38700581 -8.02514076
 -7.75849152 -7.74532413 -7.88075447 -7.21941996 -7.37071514 -7.26060534
 -6.92613935 -6.76891804 -6.73201847 -7.15557957 -7.3044138  -7.43801355
 -7.62426949 -8.14733696 -8.27999783 -8.53632927 -8.00918102 -8.09092712
 -8.14342117 -7.80501127 -8.07227707 -7.69967127 -7.74454165 -7.6552844
 -7.66333818 -7.63710737 -7.45274878 -7.46596766 -7.46451044 -7.49291992
 -7.36966181 -7.89352751 -8.08268642 -8.07749557 -8.08259296 -8.38147831
 -8.29575157 -8.08634472 -8.04006958 -7.91223717 -8.4514246  -8.19269943
 -8.00484085 -8.1032362  -8.34726334 -8.02017593 -8.04088116 -7.53148603
 -7.7804637  -8.01143837 -7.94805717 -7.67167854 -7.84898376 -7.50243664
 -8.14947987 -8.9168644  -8.55301189 -8.52049255 -7.52062225 -7.898633
 -8.2406292  -7.27924585 -7.42898464 -7.39166451 -7.61959887 -7.43519258]
<NDArray 300 @cpu(0)>

[-1. -1. -1. -1. -1. -1. -1. -1. -1. -1. -1. -1. -1. -1. -1. -1. -1. -1.
 -1. -1. -1. -1. -1. -1. -1. -1. -1. -1. -1. -1. -1. -1. -1. -1. -1. -1.
 -1. -1. -1. -1. -1. -1. -1. -1. -1. -1. -1. -1. -1. -1. -1. -1. -1. -1.
 -1. -1. -1. -1. -1. -1. -1. -1. -1. -1. -1. -1. -1. -1. -1. -1. -1. -1.
 -1. -1. -1. -1. -1. -1. -1. -1. -1. -1. -1. -1. -1. -1. -1. -1. -1. -1.
 -1. -1. -1. -1. -1. -1. -1. -1. -1. -1. -1. -1. -1. -1. -1. -1. -1. -1.
 -1. -1. -1. -1. -1. -1. -1. -1. -1. -1. -1. -1. -1. -1. -1. -1. -1. -1.
 -1. -1. -1. -1. -1. -1. -1. -1. -1. -1. -1. -1. -1. -1. -1. -1. -1. -1.
 -1. -1. -1. -1. -1. -1. -1. -1. -1. -1. -1. -1. -1. -1. -1. -1. -1. -1.
 -1. -1. -1. -1. -1. -1. -1. -1. -1. -1. -1. -1. -1. -1. -1. -1. -1. -1.
 -1. -1. -1. -1. -1. -1. -1. -1. -1. -1. -1. -1. -1. -1. -1. -1. -1. -1.
 -1. -1. -1. -1. -1. -1. -1. -1. -1. -1. -1. -1. -1. -1. -1. -1. -1. -1.
 -1. -1. -1. -1. -1. -1. -1. -1. -1. -1. -1. -1. -1. -1. -1. -1. -1. -1.
 -1. -1. -1. -1. -1. -1. -1. -1. -1. -1. -1. -1. -1. -1. -1. -1. -1. -1.
 -1. -1. -1. -1. -1. -1. -1. -1. -1. -1. -1. -1. -1. -1. -1. -1. -1. -1.
 -1. -1. -1. -1. -1. -1. -1. -1. -1. -1. -1. -1. -1. -1. -1. -1. -1. -1.
 -1. -1. -1. -1. -1. -1. -1. -1. -1. -1. -1. -1.]
<NDArray 300 @cpu(0)>
Metric. Data id =  0  Time:  495.114150047
Metric. Data id =  50000  Time:  535.921067953
Metric. Data id =  100000  Time:  576.485681057
Metric. Data id =  150000  Time:  619.449633837
Epoch 0. Loss: 0.0352067729334, Train_acc 0.98255607478, Test_acc 0.982216962593
Data id =  0  Time:  642.303169012
Data id =  50000  Time:  735.621130943
Data id =  100000  Time:  828.427237988
Data id =  150000  Time:  921.376127005

[ -7.65522671 -10.48241138 -10.32723999  -8.86306286  -9.88559914
 -11.18168163 -11.43656826  -9.51403904  -9.55720615 -10.98982143
 -13.34147835 -14.3645277   -9.91513729  -6.2730689   -7.10174608
  -3.73438692   2.33379102   5.09768677  10.59718418  16.1756916
  16.1426239   20.4746418   26.47439003  28.18795204  35.85072708
  34.89361191  40.06973648  44.34285355  42.74414444  44.43307114
  45.8013649   47.43415451  46.9077301   44.40050125  44.21914673
  49.19197464  48.08847046  49.70892715  51.30433273  49.57439804
  48.45901871  44.22629547  41.43679428  38.45084763  38.47436142
  32.39257812  26.42186165  21.04330444  15.41725636  11.18227386
   6.73992968   4.36182976   2.01907849   2.55039477   1.04885459
   0.45460963  -1.82039273  -0.47211382  -1.03848541  -3.30444884
  -5.99334764  -7.12434435  -7.26204872  -6.44332504  -6.3875351
 -11.19855881  -8.55659676 -13.21324348 -11.36646271 -10.20333767
 -13.90544415 -14.94923878 -16.02257538 -12.79909229 -11.22071743
  -9.54328823 -10.51772022  -8.87269878  -7.10294676  -7.77163458
  -4.8300705   -6.05533838  -8.4338789   -9.32737732 -10.22572231
 -10.40741062 -12.08831501 -10.24610233 -11.26138878  -7.1954608
  -6.01563883  -5.82011509  -4.23470163  -2.92312765  -4.05387592
  -4.59878445  -2.33698487  -2.7430613   -4.05150509  -3.01459122
  -5.28313351  -4.96083689  -4.44592953  -6.30604696  -7.15439129
  -4.62200356 -11.10633373  -7.46381569  -7.7497921  -11.91918278
 -13.06408882 -12.48471737 -11.52687836 -12.92351913 -16.65348434
 -14.00473404 -12.79615116 -13.50433445 -12.92403603  -9.28877163
  -6.90696144  -5.2089653   -0.74414325   5.08078718  13.87408924
  18.8859539   25.44517708  29.12501717  27.68938446  35.80706406
  30.69208717  35.70837784  34.04495621  35.40700531  36.17578888
  35.43199158  37.01092529  31.74776268  30.5763073   31.85203171
  27.13716888  26.87476158  31.78330803  30.23452377  28.64744949
  27.29161263  26.40576172  23.67392921  20.70442963  18.68862152
  20.69675827  18.64333344  21.28408241  21.54840279  21.51498222
  18.59607315  19.25289345  21.58117294  24.15239334  27.11216545
  28.54809189  31.5988636   31.39603233  31.30578613  32.43309784
  31.77951622  33.41281509  33.22402954  34.76927185  36.45342636
  31.60808754  31.55969048  31.46027756  30.24661064  28.9893856
  23.57877922  21.92516518  18.74329758  16.09173965  14.36617088
  12.62492943   8.95485115   7.92179632   1.82318366   0.33926743
  -3.43880391  -5.48074579  -4.49423027  -5.67133522  -4.37237358
  -4.54671955  -3.97588444  -4.30341387  -6.22257948  -7.1184411
  -8.53036976 -10.55179787 -10.6290369  -12.99090195 -13.52237988
 -11.24384403 -15.52556133 -15.8646841  -15.17669964 -12.82453728
 -14.77519321 -13.66743374 -11.58298969 -13.82703018 -13.49558067
 -12.20230389 -14.1092968  -14.03642654 -14.03563976 -11.95945168
 -10.2773447   -8.76173592  -9.0205698   -8.67527294  -8.41137981
  -8.76373863  -5.41224527  -3.72769499  -2.15886927  -0.94775528
  11.25872421  17.84071732  20.02131081  18.54859161  26.6988678
  30.85842323  40.27746964  43.96884918  49.86855698  49.16919708
  47.3447876   48.88895035  49.1829834   50.18885803  49.86433029
  46.64984894  43.82928085  44.58204651  41.1179924   41.22106171
  38.18021393  36.25782776  36.37356567  32.43830872  29.26474953
  34.60044098  32.89171982  31.7208786   27.74858665  27.32502937
  23.98091507  24.22053909  20.59217072  19.97890091  19.97176552
  15.43725014  14.6512928   12.28156376  10.20275688  12.46070194
  10.99831772  10.30704784  10.48299789  11.47493935  11.23905277
  12.99268818  13.09198856  13.33081627  15.66741371  13.66747093
  11.66251087  11.97833824  11.36045551   6.5244174    4.52019644
   3.63575077   1.31033444   0.16373795  -1.70807421  -2.33726692
  -3.93977809  -4.3969183   -5.97028875  -6.08685446  -5.67402983
 -10.67700481 -11.6139307  -10.78526688 -11.87045956 -11.90142822
 -12.41686344 -13.04433346 -10.8380537   -9.77385616  -8.6362772 ]
<NDArray 300 @cpu(0)>

[-1. -1. -1. -1. -1. -1. -1. -1. -1. -1. -1. -1. -1. -1. -1. -1. -1. -1.
  1.  1.  1.  1.  1.  1.  1.  1.  1.  1.  1.  1.  1.  1.  1.  1.  1.  1.
  1.  1.  1.  1.  1.  1.  1.  1.  1.  1.  1.  1.  1.  1.  1.  1.  1. -1.
 -1. -1. -1. -1. -1. -1. -1. -1. -1. -1. -1. -1. -1. -1. -1. -1. -1. -1.
 -1. -1. -1. -1. -1. -1. -1. -1. -1. -1. -1. -1. -1. -1. -1. -1. -1. -1.
 -1. -1. -1. -1. -1. -1. -1. -1. -1. -1. -1. -1. -1. -1. -1. -1. -1. -1.
 -1. -1. -1. -1. -1. -1. -1. -1. -1. -1. -1. -1. -1. -1. -1.  1.  1.  1.
  1.  1.  1.  1.  1.  1.  1.  1.  1.  1.  1.  1.  1.  1.  1.  1.  1.  1.
  1.  1.  1.  1.  1.  1.  1.  1.  1.  1.  1.  1.  1.  1.  1.  1.  1.  1.
  1.  1.  1.  1.  1.  1.  1.  1.  1.  1.  1.  1.  1.  1.  1.  1.  1.  1.
  1.  1.  1.  1. -1. -1. -1. -1. -1. -1. -1.  1. -1. -1. -1. -1. -1. -1.
 -1. -1. -1. -1. -1. -1. -1. -1. -1. -1. -1. -1. -1. -1. -1. -1. -1. -1.
 -1. -1. -1. -1. -1. -1. -1. -1. -1.  1.  1.  1.  1.  1.  1.  1.  1.  1.
  1.  1.  1.  1.  1.  1.  1.  1.  1.  1.  1.  1.  1.  1.  1.  1.  1.  1.
  1.  1.  1.  1.  1.  1.  1.  1.  1.  1.  1.  1.  1.  1.  1.  1.  1.  1.
  1.  1.  1.  1.  1.  1.  1.  1.  1.  1.  1.  1. -1. -1. -1. -1. -1. -1.
 -1. -1. -1. -1. -1. -1. -1. -1. -1. -1. -1. -1.]
<NDArray 300 @cpu(0)>
Metric. Data id =  0  Time:  969.912621021
Metric. Data id =  50000  Time:  1012.27041388

[-7.49930763 -4.67851925 -4.91838789 -4.5980587  -4.80980921 -4.862391
 -4.78938818 -5.01153898 -6.00517607 -5.9398222  -5.91363525 -6.54747152
 -7.33945894 -7.50346518 -7.2600522  -7.34179211 -7.28441763 -7.10078526
 -7.53202772 -7.70936775 -8.07968712 -8.41976738 -8.08541107 -8.27212906
 -8.35081768 -8.21420479 -8.25671005 -8.02326107 -7.54470158 -7.87781286
 -7.80648088 -7.52244902 -7.86068296 -7.02717781 -7.24273205 -6.98078728
 -7.08931255 -6.87277317 -7.05795813 -7.12377691 -6.94736814 -7.03534889
 -6.93572569 -6.87142897 -6.86100626 -6.72474098 -6.85800409 -7.26164007
 -7.11759377 -7.03088236 -6.99589777 -6.72173738 -7.14295387 -6.95744133
 -7.61754227 -7.32634449 -8.78249168 -8.76741505 -8.41298676 -7.93775988
 -7.56109142 -7.84599638 -7.16076612 -7.83656168 -7.65272141 -7.21373987
 -7.17232132 -7.07481003 -7.24407864 -7.20997143 -7.324224   -7.78325987
 -8.26866817 -8.1293087  -8.19565105 -7.79448509 -8.04179096 -7.43340445
 -7.60635424 -7.77806091 -7.51749516 -6.98751879 -6.52920723 -6.27005768
 -5.88658619 -6.00028038 -6.20929861 -5.78104687 -5.23926163 -5.14353037
 -4.88731432 -4.54269743 -4.059618   -4.02378082 -3.87510467 -3.40972519
 -3.23485637 -3.41889024 -3.2699306  -3.28703046 -3.02111626 -2.87949133
 -3.19662786 -3.32619953 -3.38948607 -3.918257   -4.02451897 -3.71097302
 -3.80229187 -3.74203992 -4.19952536 -4.2848115  -4.08927345 -4.52767277
 -4.82969856 -4.95612574 -4.8743515  -5.19901133 -5.58865833 -5.81994247
 -5.9614706  -6.26846981 -6.27090168 -6.41184282 -6.56743813 -6.55880451
 -6.52886057 -6.91070604 -6.77226686 -6.83319473 -7.32787561 -7.33673096
 -7.4289608  -7.40902567 -7.51866341 -7.94339657 -7.53444099 -7.77039623
 -7.69446993 -7.9012146  -7.53819799 -7.07432365 -7.39177752 -7.59410906
 -7.93116188 -7.51811981 -7.55116701 -7.50885916 -7.37202835 -7.4092803
 -7.01434422 -6.85572243 -7.14100027 -7.33231211 -7.2774334  -7.5203371
 -7.24973488 -7.41282272 -7.49121571 -7.39201927 -7.49850035 -7.21598911
 -7.37192154 -7.78612328 -8.22344112 -8.58280849 -8.68876457 -8.88540649
 -9.24386978 -9.18909359 -8.98545742 -8.82188225 -8.70576954 -8.84465981
 -8.74610996 -8.70401859 -8.74707317 -8.71839333 -8.48875141 -8.29723263
 -8.15152359 -7.80111361 -7.39587927 -7.18613577 -7.10712337 -7.44466734
 -7.31010008 -7.79741812 -8.3280201  -8.30475235 -8.35725021 -7.99230862
 -8.08194828 -8.08558846 -8.06090546 -7.59683704 -7.36354733 -7.4427228
 -7.88697577 -7.67584515 -7.89209604 -8.22497845 -8.22232342 -7.59694624
 -7.42098284 -7.55381727 -7.82232046 -7.82477474 -7.82943964 -7.98887253
 -8.25022697 -8.27907562 -8.2109499  -7.95167446 -8.35119629 -9.00327587
 -8.5156498  -8.78619289 -8.47699451 -8.71999264 -9.0195303  -9.26465702
 -9.38363361 -9.20318985 -8.88935852 -9.27692127 -9.51241112 -8.44383717
 -8.69573021 -8.28599262 -8.65797424 -8.9356041  -9.36025524 -9.21403503
 -8.79253387 -8.40846252 -8.93910313 -8.38971615 -8.78965092 -8.74424839
 -8.38520813 -8.38006973 -8.27165699 -8.86416531 -8.842556   -9.1533165
 -9.16852474 -9.83823681 -9.65960884 -9.55815506 -8.80604935 -8.9910202
 -8.92849159 -8.7589674  -9.0021944  -8.46752644 -8.34814072 -8.11331367
 -8.26451492 -8.19367981 -8.11660004 -8.13353825 -8.01726151 -8.25756359
 -8.13878536 -8.86885357 -9.07139492 -9.01987553 -9.26568508 -9.50804138
 -9.48674393 -9.33143997 -9.44393921 -9.2924118  -9.74713516 -9.71718597
 -9.4121418  -9.34422016 -9.58001804 -9.0809164  -8.75560284 -8.36606216
 -8.60144711 -8.81507397 -8.95548534 -8.43491745 -8.56320667 -8.28398991
 -9.00478268 -9.60674095 -9.48784351 -9.30516624 -8.47300339 -8.92391872
 -9.25610828 -8.31790924 -8.54775429 -8.30724525 -8.57772446 -8.30340862]
<NDArray 300 @cpu(0)>

[-1. -1. -1. -1. -1. -1. -1. -1. -1. -1. -1. -1. -1. -1. -1. -1. -1. -1.
 -1. -1. -1. -1. -1. -1. -1. -1. -1. -1. -1. -1. -1. -1. -1. -1. -1. -1.
 -1. -1. -1. -1. -1. -1. -1. -1. -1. -1. -1. -1. -1. -1. -1. -1. -1. -1.
 -1. -1. -1. -1. -1. -1. -1. -1. -1. -1. -1. -1. -1. -1. -1. -1. -1. -1.
 -1. -1. -1. -1. -1. -1. -1. -1. -1. -1. -1. -1. -1. -1. -1. -1. -1. -1.
 -1. -1. -1. -1. -1. -1. -1. -1. -1. -1. -1. -1. -1. -1. -1. -1. -1. -1.
 -1. -1. -1. -1. -1. -1. -1. -1. -1. -1. -1. -1. -1. -1. -1. -1. -1. -1.
 -1. -1. -1. -1. -1. -1. -1. -1. -1. -1. -1. -1. -1. -1. -1. -1. -1. -1.
 -1. -1. -1. -1. -1. -1. -1. -1. -1. -1. -1. -1. -1. -1. -1. -1. -1. -1.
 -1. -1. -1. -1. -1. -1. -1. -1. -1. -1. -1. -1. -1. -1. -1. -1. -1. -1.
 -1. -1. -1. -1. -1. -1. -1. -1. -1. -1. -1. -1. -1. -1. -1. -1. -1. -1.
 -1. -1. -1. -1. -1. -1. -1. -1. -1. -1. -1. -1. -1. -1. -1. -1. -1. -1.
 -1. -1. -1. -1. -1. -1. -1. -1. -1. -1. -1. -1. -1. -1. -1. -1. -1. -1.
 -1. -1. -1. -1. -1. -1. -1. -1. -1. -1. -1. -1. -1. -1. -1. -1. -1. -1.
 -1. -1. -1. -1. -1. -1. -1. -1. -1. -1. -1. -1. -1. -1. -1. -1. -1. -1.
 -1. -1. -1. -1. -1. -1. -1. -1. -1. -1. -1. -1. -1. -1. -1. -1. -1. -1.
 -1. -1. -1. -1. -1. -1. -1. -1. -1. -1. -1. -1.]
<NDArray 300 @cpu(0)>
Metric. Data id =  0  Time:  1043.10253406
Metric. Data id =  50000  Time:  1083.19419098
Metric. Data id =  100000  Time:  1123.65803194
Metric. Data id =  150000  Time:  1163.95594001
Epoch 1. Loss: 0.0281761562525, Train_acc 0.985652855907, Test_acc 0.985338241839
Data id =  0  Time:  1183.94346094
Data id =  50000  Time:  1282.51570892
Data id =  100000  Time:  1377.75385785
Data id =  150000  Time:  1475.08097601

[ -9.78234482e+00  -1.18354635e+01  -1.16009827e+01  -9.98297596e+00
  -1.12036867e+01  -1.25887852e+01  -1.36023989e+01  -1.12835035e+01
  -1.15603294e+01  -1.21629486e+01  -1.39983625e+01  -1.43782368e+01
  -1.15012217e+01  -7.27843475e+00  -8.23188305e+00  -4.26488686e+00
   1.80750334e+00   4.84994411e+00   1.13364019e+01   1.79683056e+01
   1.80831261e+01   2.29906864e+01   3.00175304e+01   3.27307091e+01
   4.16780472e+01   4.15141220e+01   4.72124977e+01   5.20354576e+01
   5.05654182e+01   5.24665184e+01   5.38679733e+01   5.55779648e+01
   5.49408875e+01   5.19539986e+01   5.21800385e+01   5.77379074e+01
   5.59023018e+01   5.85724640e+01   6.07328224e+01   5.78536682e+01
   5.56418076e+01   4.95236969e+01   4.58286858e+01   4.20241852e+01
   4.25384789e+01   3.59338455e+01   2.86882000e+01   2.31417313e+01
   1.74945526e+01   1.25948210e+01   8.13265419e+00   5.50431871e+00
   2.91111231e+00   3.30070829e+00   1.25080168e+00   4.53161657e-01
  -1.51489413e+00   6.64943457e-03  -5.68433583e-01  -2.50825810e+00
  -5.79170227e+00  -7.61862564e+00  -7.79702663e+00  -6.75900459e+00
  -6.55415249e+00  -1.04565010e+01  -9.07829952e+00  -1.24027033e+01
  -1.09139729e+01  -9.98952007e+00  -1.40120726e+01  -1.57318907e+01
  -1.70187187e+01  -1.31226845e+01  -1.06076889e+01  -9.55865765e+00
  -1.00161467e+01  -8.72601986e+00  -5.99595642e+00  -6.71993685e+00
  -4.28137398e+00  -5.60298586e+00  -8.26816368e+00  -9.58954716e+00
  -1.09815598e+01  -1.08089733e+01  -1.26721106e+01  -1.04355793e+01
  -1.22923384e+01  -8.40130997e+00  -6.53056765e+00  -5.97513008e+00
  -4.42814589e+00  -2.94914699e+00  -3.65477967e+00  -3.68654275e+00
  -2.77605247e+00  -3.42954755e+00  -4.72118664e+00  -3.99758935e+00
  -5.73014355e+00  -5.67686892e+00  -5.18575048e+00  -6.78774786e+00
  -8.24360180e+00  -5.56560183e+00  -1.21725779e+01  -7.27145624e+00
  -8.08962154e+00  -1.32068806e+01  -1.47928381e+01  -1.35364065e+01
  -1.33710041e+01  -1.45268202e+01  -1.75324249e+01  -1.51368799e+01
  -1.34730902e+01  -1.57022028e+01  -1.49998207e+01  -1.07760315e+01
  -8.35273743e+00  -6.47851038e+00  -2.04372501e+00   5.52855349e+00
   1.56822128e+01   2.19219036e+01   2.89420071e+01   3.32943993e+01
   3.17001781e+01   3.96870346e+01   3.41258125e+01   3.89100113e+01
   3.63382874e+01   3.85918808e+01   3.82915573e+01   3.81421585e+01
   3.89848289e+01   3.28066902e+01   3.18281155e+01   3.35513420e+01
   2.96617794e+01   3.10039139e+01   3.65508080e+01   3.45659065e+01
   3.32074852e+01   3.09285240e+01   3.00112858e+01   2.74344330e+01
   2.38396091e+01   2.17223377e+01   2.37937088e+01   2.12278023e+01
   2.35624943e+01   2.37276764e+01   2.42687607e+01   2.13197041e+01
   2.17670612e+01   2.38536930e+01   2.67361984e+01   3.04869423e+01
   3.19203377e+01   3.55831985e+01   3.51433754e+01   3.53994484e+01
   3.66556282e+01   3.61906738e+01   3.86111679e+01   3.84760399e+01
   4.08670883e+01   4.31875801e+01   3.81515312e+01   3.78165474e+01
   3.68398705e+01   3.56843872e+01   3.37828331e+01   2.83181553e+01
   2.64770126e+01   2.35039005e+01   2.06955967e+01   1.84101715e+01
   1.62143307e+01   1.12775402e+01   9.10838985e+00   1.94423783e+00
   3.32389861e-01  -3.48305273e+00  -5.78671551e+00  -4.84985161e+00
  -6.14849663e+00  -4.33924103e+00  -4.06885767e+00  -3.36520600e+00
  -3.77926922e+00  -5.80882788e+00  -6.72744894e+00  -8.46405792e+00
  -1.08989105e+01  -1.15339031e+01  -1.41601629e+01  -1.44551640e+01
  -1.16382866e+01  -1.52686987e+01  -1.51392965e+01  -1.51836376e+01
  -1.29119921e+01  -1.44852352e+01  -1.35078001e+01  -1.16950407e+01
  -1.40748701e+01  -1.35241919e+01  -1.25586052e+01  -1.46510401e+01
  -1.54228115e+01  -1.49333048e+01  -1.34297543e+01  -1.11618967e+01
  -1.04429026e+01  -1.04599943e+01  -9.80148315e+00  -9.84880352e+00
  -9.83991432e+00  -6.26833439e+00  -4.25200605e+00  -2.56441569e+00
  -1.53825557e+00   9.87978840e+00   1.79601212e+01   1.98610401e+01
   1.90524330e+01   2.87646904e+01   3.27589111e+01   4.38108940e+01
   4.79714317e+01   5.45453415e+01   5.45233231e+01   5.30685120e+01
   5.37033195e+01   5.50588150e+01   5.68579025e+01   5.63546143e+01
   5.27221527e+01   4.94896240e+01   5.00739212e+01   4.65741768e+01
   4.81139984e+01   4.41668968e+01   4.23382645e+01   4.28934860e+01
   3.82188339e+01   3.45666771e+01   3.96819611e+01   3.84082489e+01
   3.64942474e+01   3.20282974e+01   3.11716309e+01   2.66996136e+01
   2.63334503e+01   2.21606541e+01   2.15793972e+01   2.18166409e+01
   1.71299019e+01   1.64684124e+01   1.43139896e+01   1.24164495e+01
   1.42466459e+01   1.27570124e+01   1.24540634e+01   1.29968462e+01
   1.43932629e+01   1.38631659e+01   1.58486671e+01   1.59461193e+01
   1.60736618e+01   1.82357368e+01   1.58817444e+01   1.38196659e+01
   1.41652031e+01   1.29881201e+01   7.57486725e+00   4.83430862e+00
   3.70978236e+00   1.36822796e+00  -1.70089453e-02  -2.18183374e+00
  -2.91398048e+00  -4.21411896e+00  -5.34616375e+00  -6.88189125e+00
  -6.90627337e+00  -6.78703976e+00  -1.20441837e+01  -1.32217445e+01
  -1.29120636e+01  -1.34347486e+01  -1.34521294e+01  -1.37358913e+01
  -1.42122355e+01  -1.25568056e+01  -1.11666403e+01  -9.97481918e+00]
<NDArray 300 @cpu(0)>

[-1. -1. -1. -1. -1. -1. -1. -1. -1. -1. -1. -1. -1. -1. -1. -1. -1. -1.
  1.  1.  1.  1.  1.  1.  1.  1.  1.  1.  1.  1.  1.  1.  1.  1.  1.  1.
  1.  1.  1.  1.  1.  1.  1.  1.  1.  1.  1.  1.  1.  1.  1.  1.  1. -1.
 -1. -1. -1. -1. -1. -1. -1. -1. -1. -1. -1. -1. -1. -1. -1. -1. -1. -1.
 -1. -1. -1. -1. -1. -1. -1. -1. -1. -1. -1. -1. -1. -1. -1. -1. -1. -1.
 -1. -1. -1. -1. -1. -1. -1. -1. -1. -1. -1. -1. -1. -1. -1. -1. -1. -1.
 -1. -1. -1. -1. -1. -1. -1. -1. -1. -1. -1. -1. -1. -1. -1.  1.  1.  1.
  1.  1.  1.  1.  1.  1.  1.  1.  1.  1.  1.  1.  1.  1.  1.  1.  1.  1.
  1.  1.  1.  1.  1.  1.  1.  1.  1.  1.  1.  1.  1.  1.  1.  1.  1.  1.
  1.  1.  1.  1.  1.  1.  1.  1.  1.  1.  1.  1.  1.  1.  1.  1.  1.  1.
  1.  1.  1.  1. -1. -1. -1. -1. -1. -1. -1.  1. -1. -1. -1. -1. -1. -1.
 -1. -1. -1. -1. -1. -1. -1. -1. -1. -1. -1. -1. -1. -1. -1. -1. -1. -1.
 -1. -1. -1. -1. -1. -1. -1. -1. -1.  1.  1.  1.  1.  1.  1.  1.  1.  1.
  1.  1.  1.  1.  1.  1.  1.  1.  1.  1.  1.  1.  1.  1.  1.  1.  1.  1.
  1.  1.  1.  1.  1.  1.  1.  1.  1.  1.  1.  1.  1.  1.  1.  1.  1.  1.
  1.  1.  1.  1.  1.  1.  1.  1.  1.  1.  1.  1. -1. -1. -1. -1. -1. -1.
 -1. -1. -1. -1. -1. -1. -1. -1. -1. -1. -1. -1.]
<NDArray 300 @cpu(0)>
Metric. Data id =  0  Time:  1527.81568599
Metric. Data id =  50000  Time:  1568.94878387

[ -7.30942917  -5.41113901  -5.7264533   -5.38160849  -5.63644552
  -5.63256884  -5.58505154  -5.80768967  -6.94647074  -6.763412
  -6.58521843  -7.13014746  -7.93994427  -8.29499722  -7.97087765
  -8.03739929  -8.170784    -7.92690039  -8.51859951  -8.68744564
  -9.12801933  -9.4258604   -9.11012936  -9.12505531  -9.13812256
  -8.74069405  -8.90209675  -8.59828377  -8.05823517  -8.47216702
  -8.34686947  -7.95872307  -8.29828072  -7.46179628  -7.76530075
  -7.50609875  -7.56446075  -7.43390369  -7.63105631  -7.73527241
  -7.67685843  -7.76734018  -7.59444284  -7.54458237  -7.67669773
  -7.54141045  -7.65531731  -8.04530525  -7.87351656  -7.73265123
  -7.64902306  -7.37344265  -7.71425009  -7.57502747  -8.01641941
  -7.71652269  -9.44470787  -9.22815132  -8.88960266  -8.15011311
  -7.94333458  -8.21899414  -7.50257778  -8.22619057  -8.03028679
  -7.687253    -7.71764088  -7.64718866  -7.7847662   -7.74297476
  -7.888978    -8.38175011  -9.03036594  -9.10130882  -9.06643677
  -8.67834377  -8.86541653  -8.24057007  -8.39646816  -8.53096962
  -8.24173737  -7.65384865  -7.10101843  -6.71885824  -6.416255
  -6.47907591  -6.86567593  -6.49446917  -5.87532043  -5.83625555
  -5.6362586   -5.1991086   -4.65575695  -4.61547852  -4.35620117
  -3.7152462   -3.38404179  -3.49267507  -3.32758451  -3.22890806
  -2.98679638  -2.78883243  -3.1066246   -3.19374704  -3.21423507
  -3.72940826  -3.85178089  -3.42205048  -3.62296081  -3.5507865
  -4.04021502  -4.14903355  -3.92586255  -4.35352802  -4.81524611
  -5.03695774  -4.97965527  -5.41197634  -5.83993483  -6.1974206
  -6.37389851  -6.74159575  -6.71122169  -6.9091692   -7.19849491
  -7.09065294  -7.09081888  -7.44025517  -7.25279331  -7.121346
  -7.82917404  -7.92217731  -7.94824839  -8.07846928  -8.13365078
  -8.55642605  -8.12563896  -8.39866734  -8.343009    -8.61419201
  -8.20899582  -7.8342514   -8.16923523  -8.26577187  -8.61828423
  -8.1658926   -8.07862186  -7.99025154  -7.90808439  -7.8173399
  -7.52190351  -7.30657673  -7.6387291   -7.91245031  -7.85788536
  -8.18419647  -7.83315039  -8.05206585  -8.17108345  -8.10823059
  -8.18318844  -7.82870626  -8.00501442  -8.39048958  -8.85787392
  -9.26251984  -9.57686615 -10.0476675  -10.51798534 -10.47507    -10.22715282
  -9.89527988  -9.73541164  -9.90735149  -9.86543465  -9.72929478
  -9.99352074  -9.91412258  -9.58540058  -9.38076496  -9.17030907
  -8.69508934  -8.16055775  -7.9229188   -7.85524225  -8.19267654
  -7.93973064  -8.32584572  -8.91143227  -9.0369091   -9.10199738
  -8.77248192  -8.89265156  -9.0061903   -8.92752457  -8.45713234
  -8.08749104  -8.24520302  -8.59222889  -8.37230206  -8.5334177
  -8.77465916  -8.75444317  -8.17867088  -8.2295475   -8.37220478
  -8.49149513  -8.56245804  -8.4194603   -8.63036823  -8.90062141
  -8.88174629  -8.97386742  -8.64511108  -9.07938194  -9.65179062
  -8.98040199  -9.38073349  -8.84008121  -9.35226727  -9.7875843
  -9.85572147 -10.07422352  -9.71811485  -9.43121147  -9.5185833
  -9.7127924   -8.753582    -9.11845112  -8.82945442  -9.02360344
  -9.34149933  -9.85276985  -9.8576479   -9.50218678  -8.94239616
  -9.57245922  -9.16868019  -9.70170593  -9.73136711  -9.44399452
  -9.53986645  -9.40497303 -10.09282207  -9.89364147 -10.31342983
 -10.15398407 -10.86470604 -10.49782276 -10.24865913  -9.37069225
  -9.55063248  -9.47390175  -9.38759899  -9.55678749  -8.98663807
  -8.7657547   -8.43682384  -8.62437248  -8.56701088  -8.56989193
  -8.52963448  -8.39847183  -8.76326561  -8.64859581  -9.47533131
  -9.79236221  -9.85336018 -10.24355507 -10.33148575 -10.37478352
 -10.27471638 -10.39192009 -10.22703266 -10.66659546 -10.84439373
 -10.49284172 -10.19360352 -10.4695158   -9.77728939  -9.24382019
  -9.0593729   -9.1196785   -9.37590885  -9.6923542   -8.96965694
  -9.09536648  -8.94853592  -9.67241859 -10.04746628 -10.12114716
  -9.92251873  -9.09862137  -9.54421711  -9.818964    -8.89662552
  -9.17369461  -8.94935226  -9.21870327  -8.93065834]
<NDArray 300 @cpu(0)>

[-1. -1. -1. -1. -1. -1. -1. -1. -1. -1. -1. -1. -1. -1. -1. -1. -1. -1.
 -1. -1. -1. -1. -1. -1. -1. -1. -1. -1. -1. -1. -1. -1. -1. -1. -1. -1.
 -1. -1. -1. -1. -1. -1. -1. -1. -1. -1. -1. -1. -1. -1. -1. -1. -1. -1.
 -1. -1. -1. -1. -1. -1. -1. -1. -1. -1. -1. -1. -1. -1. -1. -1. -1. -1.
 -1. -1. -1. -1. -1. -1. -1. -1. -1. -1. -1. -1. -1. -1. -1. -1. -1. -1.
 -1. -1. -1. -1. -1. -1. -1. -1. -1. -1. -1. -1. -1. -1. -1. -1. -1. -1.
 -1. -1. -1. -1. -1. -1. -1. -1. -1. -1. -1. -1. -1. -1. -1. -1. -1. -1.
 -1. -1. -1. -1. -1. -1. -1. -1. -1. -1. -1. -1. -1. -1. -1. -1. -1. -1.
 -1. -1. -1. -1. -1. -1. -1. -1. -1. -1. -1. -1. -1. -1. -1. -1. -1. -1.
 -1. -1. -1. -1. -1. -1. -1. -1. -1. -1. -1. -1. -1. -1. -1. -1. -1. -1.
 -1. -1. -1. -1. -1. -1. -1. -1. -1. -1. -1. -1. -1. -1. -1. -1. -1. -1.
 -1. -1. -1. -1. -1. -1. -1. -1. -1. -1. -1. -1. -1. -1. -1. -1. -1. -1.
 -1. -1. -1. -1. -1. -1. -1. -1. -1. -1. -1. -1. -1. -1. -1. -1. -1. -1.
 -1. -1. -1. -1. -1. -1. -1. -1. -1. -1. -1. -1. -1. -1. -1. -1. -1. -1.
 -1. -1. -1. -1. -1. -1. -1. -1. -1. -1. -1. -1. -1. -1. -1. -1. -1. -1.
 -1. -1. -1. -1. -1. -1. -1. -1. -1. -1. -1. -1. -1. -1. -1. -1. -1. -1.
 -1. -1. -1. -1. -1. -1. -1. -1. -1. -1. -1. -1.]
<NDArray 300 @cpu(0)>
Metric. Data id =  0  Time:  1597.73074889
Metric. Data id =  50000  Time:  1636.67650795
Metric. Data id =  100000  Time:  1675.619807
Metric. Data id =  150000  Time:  1714.55910993
Epoch 2. Loss: 0.0251358311442, Train_acc 0.987218594138, Test_acc 0.986878200571
Time preparing net:  1734.53316092
