Time load data:  8.94609904289

Preparing the network
Activation function in hidden layer 1: relu
Loss function: LogisticLoss
Learning rate: 0.07

Time preparing net:  3.08345293999
Data id =  0  Time:  0.601566076279
Data id =  50000  Time:  96.9783890247
Data id =  100000  Time:  194.360786915
Data id =  150000  Time:  291.81744194

[ -5.74929047  -4.72024536  -4.64385843  -4.42760038  -5.33949947
  -7.74613094  -5.77787113  -4.80091333  -6.03572369  -7.32976294
 -11.86951637 -11.84255409  -7.97438049  -7.97294044  -5.17579174
  -1.8386935    2.92190933   4.63442612   8.83112049  11.21193886
  12.36167049  17.5685997   21.447752    23.20186043  28.29214287
  26.1133976   30.00835037  32.82135773  30.10473251  30.5984478
  32.82964325  34.3842926   33.51145554  33.3091774   33.48596573
  35.77309418  34.9616127   35.19137955  36.10406876  35.62231064
  34.62412643  33.74818039  32.89416504  30.54887009  29.85432243
  24.37559128  19.2896843   14.12597656  11.71480465   8.74659252
   3.53292584   2.72350216   0.39582103  -0.12246712  -0.28736633
  -1.07534337  -2.00901961  -2.36595345  -3.89190698  -3.93248582
  -5.21030807  -7.00783443  -5.96270847  -7.69667006  -8.14030457
 -11.87714863  -8.22547531 -12.94844818 -11.02473831 -10.71584988
 -11.3123064  -11.77184582 -13.14195347 -12.32427979 -11.630126    -9.2645998
 -10.86562157  -8.02572727  -6.66054535  -7.99396515  -6.22464037
  -6.75468826  -8.21032238  -7.51491356  -8.77147293 -10.27483082
 -10.46020031  -8.61980152  -8.65467834  -6.51463413  -7.63724279
  -6.64913988  -6.16891813  -5.58359098  -5.78286123  -6.03855467
  -2.97093177  -1.75523651  -2.07351995  -3.07547951  -4.47166586
  -5.96513367  -5.33404446  -7.72703743  -6.20507336  -6.15298986
 -10.49694252  -9.02007198  -9.63377857  -9.80588436 -11.46341324
 -10.30802917  -9.54942894 -11.00597572 -12.32603455  -9.80735493
  -8.90091896  -9.65365314  -8.7371521   -6.17145872  -5.34130192
  -3.10569453   1.77217567   5.64508438   9.21628761  13.58739567
  20.62215614  24.35218239  22.31251335  29.03080177  26.80145073
  29.6356411   29.90618896  29.38038635  32.00430298  30.75287437
  33.01461411  30.78495598  28.85309601  30.53516579  25.87609863
  20.97333527  20.23225403  22.28325081  20.7109127   19.77580833
  17.9071331   16.13309479  16.37403679  15.77820492  17.0018158
  14.75322914  16.66552353  17.29586601  19.22526932  17.17440224
  15.8182497   17.457201    18.14862251  20.89585495  22.91598129
  24.84062576  25.5142231   25.28523254  25.9064579   23.78615379
  24.64108849  25.77083969  26.09448433  26.9686451   24.20512581
  23.32908821  22.19105339  21.24434662  20.23936081  16.18725204
  14.42262077   9.73152065   9.98644638   8.19543839   6.58297777
   5.07033491   3.42802238  -0.20913923  -0.33000582  -3.40694833
  -3.70266581  -3.46301293  -4.04465675  -3.68192387  -5.20613003
  -4.67239761  -3.62874103  -6.04392147  -7.68832445  -7.95628357
  -7.84858894  -8.21991444 -10.21874905 -11.55689907 -11.08573818
 -16.6033783  -15.72868252 -16.39437675 -14.25199127 -14.99948502
 -13.89525032 -12.56105423 -13.95058727 -13.3043623  -11.65741634
 -12.65332794 -11.88245106 -12.85253239  -9.03270817  -9.79648399
  -7.70855904  -8.57135201  -6.9542079   -6.82749891  -5.92807722
  -4.20082617  -1.89803946  -2.08903074   0.10383463  10.56671715
  15.48117161  18.1516552   16.90980339  23.27514267  27.37020302
  32.0387001   34.06570053  38.10971069  35.1074791   36.670784
  38.45902252  37.00565338  37.00464249  38.71321487  36.43003845
  32.95660019  33.43027878  32.55616379  31.09052467  31.27403069
  27.8381176   27.528759    25.30841637  23.96430016  28.31879044
  25.62314987  24.63055992  21.46722603  21.34189796  17.54060173
  18.46811867  16.04117966  16.13194656  14.89879322  13.27258301
  12.57138252   8.82192612   6.46260166   8.37834358   8.07356358
   7.12924337   7.74830103   7.44454575   6.83296633   6.76942062
   7.38506842   6.9496994    8.16454315   7.12615299   6.22688293
   7.5479517    6.16796637   4.70801497   4.19135857   3.51141238
   0.88037163   0.70423639  -1.88109708  -1.34562027  -3.78180432
  -3.07490182  -4.67440128  -4.71974754  -4.78718615  -6.88042784
  -8.27868843  -8.79008579  -8.17223263  -9.33303833 -10.61551094
 -11.57895374  -7.86905146  -5.83714151  -5.73626375]
<NDArray 300 @cpu(0)>

[-1. -1. -1. -1. -1. -1. -1. -1. -1. -1. -1. -1. -1. -1. -1. -1. -1. -1.
  1.  1.  1.  1.  1.  1.  1.  1.  1.  1.  1.  1.  1.  1.  1.  1.  1.  1.
  1.  1.  1.  1.  1.  1.  1.  1.  1.  1.  1.  1.  1.  1.  1.  1.  1. -1.
 -1. -1. -1. -1. -1. -1. -1. -1. -1. -1. -1. -1. -1. -1. -1. -1. -1. -1.
 -1. -1. -1. -1. -1. -1. -1. -1. -1. -1. -1. -1. -1. -1. -1. -1. -1. -1.
 -1. -1. -1. -1. -1. -1. -1. -1. -1. -1. -1. -1. -1. -1. -1. -1. -1. -1.
 -1. -1. -1. -1. -1. -1. -1. -1. -1. -1. -1. -1. -1. -1. -1.  1.  1.  1.
  1.  1.  1.  1.  1.  1.  1.  1.  1.  1.  1.  1.  1.  1.  1.  1.  1.  1.
  1.  1.  1.  1.  1.  1.  1.  1.  1.  1.  1.  1.  1.  1.  1.  1.  1.  1.
  1.  1.  1.  1.  1.  1.  1.  1.  1.  1.  1.  1.  1.  1.  1.  1.  1.  1.
  1.  1.  1.  1. -1. -1. -1. -1. -1. -1. -1.  1. -1. -1. -1. -1. -1. -1.
 -1. -1. -1. -1. -1. -1. -1. -1. -1. -1. -1. -1. -1. -1. -1. -1. -1. -1.
 -1. -1. -1. -1. -1. -1. -1. -1. -1.  1.  1.  1.  1.  1.  1.  1.  1.  1.
  1.  1.  1.  1.  1.  1.  1.  1.  1.  1.  1.  1.  1.  1.  1.  1.  1.  1.
  1.  1.  1.  1.  1.  1.  1.  1.  1.  1.  1.  1.  1.  1.  1.  1.  1.  1.
  1.  1.  1.  1.  1.  1.  1.  1.  1.  1.  1.  1. -1. -1. -1. -1. -1. -1.
 -1. -1. -1. -1. -1. -1. -1. -1. -1. -1. -1. -1.]
<NDArray 300 @cpu(0)>
Metric. Data id =  0  Time:  341.972887993
Metric. Data id =  50000  Time:  386.758409023

[-7.76619053 -3.88901162 -4.19862032 -3.84702229 -4.13362265 -4.31420374
 -4.10010099 -4.42384243 -5.09236622 -5.12447882 -5.16045475 -5.55657053
 -6.30741882 -6.37046385 -6.14605427 -6.16365623 -6.01593304 -5.84044218
 -6.12076807 -6.32162714 -6.45295191 -6.67586231 -6.55076075 -6.85698414
 -6.80272675 -6.99682236 -7.1042695  -7.05113888 -6.88129663 -6.9844451
 -6.98000526 -6.69892502 -7.00242329 -6.34845257 -6.49138832 -6.16923094
 -6.13289213 -5.86282635 -5.85214567 -6.26226902 -5.97760057 -5.94669533
 -5.75198269 -5.59122705 -5.54358482 -5.5096159  -5.6147418  -6.06716728
 -5.81184864 -5.83538961 -6.12627268 -5.91587162 -6.42951727 -6.30006886
 -7.07899714 -6.68851376 -7.40965986 -7.95900249 -7.51032114 -7.69335604
 -6.99407578 -7.32012987 -6.69708681 -7.22864485 -7.19721842 -6.5956645
 -6.55948639 -6.35881662 -6.61259937 -6.49301958 -6.59370995 -6.82135963
 -7.08164835 -7.03800106 -7.0321579  -6.61443424 -6.8013587  -6.43807411
 -6.39667463 -6.53234291 -6.60990667 -6.36685944 -5.76873064 -5.52035284
 -5.40425587 -5.49756527 -5.33523893 -4.84748983 -4.29353809 -4.09403563
 -3.94845581 -3.60680294 -3.51680517 -3.44942284 -3.46465397 -3.34851432
 -3.35617375 -3.35921335 -3.29942441 -3.48527169 -3.50233603 -3.38705111
 -3.45690393 -3.81742525 -3.68464971 -4.39911079 -4.34137917 -4.05052471
 -4.22362232 -4.09406853 -4.29370403 -4.27222013 -4.05453491 -4.79371119
 -4.81629848 -4.83253288 -5.11416578 -5.21070623 -5.65299702 -5.56048727
 -5.75311136 -5.76037025 -5.59206724 -5.82317781 -5.57214975 -5.80560017
 -5.65722609 -6.19031096 -6.15221071 -6.4645195  -6.19635582 -6.02501583
 -6.19429636 -6.04919767 -6.22309256 -6.54004097 -6.32106686 -6.60813046
 -6.75251818 -6.80971766 -6.76427841 -5.86982012 -6.13461304 -6.18236017
 -6.47002125 -6.36210299 -6.62522507 -6.73884153 -6.53469992 -6.8232851
 -6.39784575 -6.57942152 -6.5371213  -6.64090204 -6.50206423 -6.39682102
 -6.56148291 -6.59437561 -6.58003044 -6.62063169 -6.5239749  -6.49804878
 -6.55239964 -6.77145529 -7.20630598 -7.41008091 -7.45210075 -7.30083084
 -7.82058191 -7.83884716 -7.65555573 -7.71254635 -7.71439219 -7.73724985
 -7.42353296 -7.53363037 -7.31900787 -7.58826351 -7.25175524 -7.24891853
 -7.13547611 -6.81450939 -6.7601366  -6.56176853 -6.33065557 -6.5306468
 -6.39256239 -6.90563297 -7.03449106 -7.20049524 -7.12283421 -6.72259855
 -6.73880816 -6.63207674 -6.6720171  -6.35265732 -6.31222343 -6.50223207
 -6.91559124 -6.88110876 -6.97794199 -7.53937054 -7.03065395 -6.49797249
 -6.1890502  -6.39155293 -6.84587049 -6.78422689 -6.83641529 -6.92938805
 -7.19665623 -7.42543793 -7.09920883 -7.00021601 -7.50036764 -7.75533915
 -7.67548418 -7.86638355 -7.65449381 -7.70282459 -7.80674553 -8.11009502
 -8.07436752 -8.20330429 -7.91818571 -8.55836773 -8.6963253  -8.01057529
 -8.33413887 -7.69789791 -8.39630795 -8.0496769  -8.26850986 -8.01526928
 -7.88181782 -7.75581312 -7.81618738 -7.29864359 -7.496068   -7.41262293
 -7.13291025 -6.93064117 -6.92363596 -7.37486553 -7.43041134 -7.52575827
 -7.81280375 -8.33919907 -8.26333904 -8.40882778 -7.91364861 -7.98983383
 -8.02686024 -7.72144747 -7.7801466  -7.44972181 -7.53104019 -7.54499292
 -7.48488283 -7.54359007 -7.34016562 -7.30269051 -7.3465023  -7.34381104
 -7.24473238 -7.71530485 -7.96733999 -7.84404993 -7.79281092 -8.13781643
 -8.29887867 -8.10852051 -7.97258949 -8.01645851 -8.44463253 -8.08761787
 -7.86131668 -8.35503674 -8.39814854 -8.28977394 -8.2969656  -7.9824295
 -7.81835508 -8.27292347 -8.06549168 -7.63470221 -8.00005531 -7.6000104
 -8.30474091 -8.90869141 -8.41030884 -8.58485317 -7.76037312 -7.69893265
 -8.30498028 -7.49279547 -7.54256439 -7.41206551 -7.74787235 -7.59386015]
<NDArray 300 @cpu(0)>

[-1. -1. -1. -1. -1. -1. -1. -1. -1. -1. -1. -1. -1. -1. -1. -1. -1. -1.
 -1. -1. -1. -1. -1. -1. -1. -1. -1. -1. -1. -1. -1. -1. -1. -1. -1. -1.
 -1. -1. -1. -1. -1. -1. -1. -1. -1. -1. -1. -1. -1. -1. -1. -1. -1. -1.
 -1. -1. -1. -1. -1. -1. -1. -1. -1. -1. -1. -1. -1. -1. -1. -1. -1. -1.
 -1. -1. -1. -1. -1. -1. -1. -1. -1. -1. -1. -1. -1. -1. -1. -1. -1. -1.
 -1. -1. -1. -1. -1. -1. -1. -1. -1. -1. -1. -1. -1. -1. -1. -1. -1. -1.
 -1. -1. -1. -1. -1. -1. -1. -1. -1. -1. -1. -1. -1. -1. -1. -1. -1. -1.
 -1. -1. -1. -1. -1. -1. -1. -1. -1. -1. -1. -1. -1. -1. -1. -1. -1. -1.
 -1. -1. -1. -1. -1. -1. -1. -1. -1. -1. -1. -1. -1. -1. -1. -1. -1. -1.
 -1. -1. -1. -1. -1. -1. -1. -1. -1. -1. -1. -1. -1. -1. -1. -1. -1. -1.
 -1. -1. -1. -1. -1. -1. -1. -1. -1. -1. -1. -1. -1. -1. -1. -1. -1. -1.
 -1. -1. -1. -1. -1. -1. -1. -1. -1. -1. -1. -1. -1. -1. -1. -1. -1. -1.
 -1. -1. -1. -1. -1. -1. -1. -1. -1. -1. -1. -1. -1. -1. -1. -1. -1. -1.
 -1. -1. -1. -1. -1. -1. -1. -1. -1. -1. -1. -1. -1. -1. -1. -1. -1. -1.
 -1. -1. -1. -1. -1. -1. -1. -1. -1. -1. -1. -1. -1. -1. -1. -1. -1. -1.
 -1. -1. -1. -1. -1. -1. -1. -1. -1. -1. -1. -1. -1. -1. -1. -1. -1. -1.
 -1. -1. -1. -1. -1. -1. -1. -1. -1. -1. -1. -1.]
<NDArray 300 @cpu(0)>
Metric. Data id =  0  Time:  420.783979893
Metric. Data id =  50000  Time:  466.683932066
Metric. Data id =  100000  Time:  510.087565899
Metric. Data id =  150000  Time:  553.145081997
Epoch 0. Loss: 0.040795332809, Train_acc 0.98253383418, Test_acc 0.982193933654
Data id =  0  Time:  575.39519906
Data id =  50000  Time:  672.433403015
Data id =  100000  Time:  776.766963005
Data id =  150000  Time:  872.036725044

[ -9.67083549 -10.25356197  -9.4353857   -8.68348694  -9.44056511
 -11.74584389 -10.88535595  -9.72897816  -7.89911222  -8.67225266
 -13.20267487 -12.30218983  -9.13215733  -8.28390598  -6.91359901
  -4.94006014   1.13414192   4.84833717  11.18052292  16.33796883
  17.78210449  23.18536186  28.1495266   29.86424065  36.9583931
  35.13453674  40.43376923  44.00360489  42.10248566  43.87013626
  44.77894974  47.11830521  47.03195572  45.6491394   44.98060989
  50.59882355  48.06754684  50.87312698  52.18942261  49.12629318
  46.61835861  44.33297348  42.03606415  38.94205856  39.86038589
  33.64781189  25.23709679  20.34461021  16.07206535   9.19250202
   6.81986094   5.72741365   2.11962295   1.31483722   0.72441471
  -0.80061966  -2.37726831  -3.14419127  -4.94716311  -4.71415281
  -7.26719046  -7.47856331  -6.6142621   -7.00762844  -7.13286161
 -11.0330019   -7.14432144 -12.96813202 -11.02168655 -11.01733875
 -13.05780792 -13.32124996 -15.94348717 -12.72701931 -11.01401615
 -10.9016428  -10.92483139  -9.59997654  -7.93027258  -6.39639521
  -5.88977861  -6.58117771  -8.78599834 -10.41131496 -11.57936954
 -11.54909134 -13.79493904 -11.30950546 -10.84654617  -7.92695761
  -7.42074919  -6.68879509  -5.67434645  -4.67569971  -3.83313227
  -4.37700653  -2.71764159  -3.09904981  -3.47379923  -2.46895814
  -4.36013985  -5.05326557  -4.51429939  -6.10276937  -5.97810221
  -4.5615077   -9.20212841  -7.15627193  -7.92709446 -11.08558369
 -13.16191864 -11.56506634 -11.63099003 -12.23018932 -14.7547884
 -12.37038517 -10.80947304 -13.01202393 -12.63884354  -9.75441837
  -7.40241385  -4.54382277   0.11059661   6.24992561  14.58308411
  19.25995827  27.12493515  30.78550339  28.63559914  36.44591522
  32.04182053  34.55849457  33.93522263  32.68667984  33.63768005
  33.972332    35.67910767  31.18988991  29.70046425  31.78729248
  27.05783653  26.56697845  29.45941925  30.09048843  29.87106133
  26.89047241  25.81585693  21.83492088  21.24619675  20.40770721
  20.69909477  18.43345451  21.15948486  21.64041328  22.40531349
  21.09470558  19.45624161  21.6438694   24.69338036  27.38175774
  30.093647    31.41226196  32.23291397  32.65751266  33.22354126
  31.96073341  32.9936409   33.05653     32.95853424  34.85832977
  32.15257263  29.55278778  28.85903168  28.35470772  27.69157791
  24.99690056  21.71269608  16.23256302  14.57185936  14.70162582
  11.35860729   9.95510578   6.50086975   1.14780354  -0.18933138
  -1.75163317  -3.30624032  -2.23825717  -3.73151612  -3.44767189
  -3.26208711  -4.1134367   -2.97684431  -4.44253922  -5.72968149
  -7.8819375   -9.4662838   -9.94460392 -12.01307297 -13.6318512
 -11.38287258 -16.41531181 -16.19174385 -17.50538445 -15.14144802
 -15.11078072 -13.92921734 -12.42730045 -13.9034729  -14.06732273
 -11.99455547 -12.73105145 -13.12502098 -14.51978588  -8.83588028
 -10.54327297  -9.42482185  -9.64991379  -8.96717739  -7.53298616
  -7.46742582  -5.53983116  -4.35022116  -4.62593174  -2.10022593
  10.54149532  16.34270859  19.5948143   18.26977921  24.64276695
  29.21280098  38.77742767  42.74709702  50.14004898  47.35278702
  45.59789658  47.95419693  48.40187836  50.21086884  50.69961929
  47.8144455   44.68453217  42.84362793  40.65513229  40.14020157
  38.35390091  35.84173965  34.54965973  31.48517418  29.2562809
  34.21076584  33.01014709  30.63545227  27.35584259  26.98564911
  22.16641998  21.60435677  19.46666718  19.58478355  19.45483208
  15.75903511  15.53049469  12.52995682   9.37477589  10.6934967
  10.73518276   9.81104279  10.71967888  10.84160233  11.42514706
  10.6710453   10.99142075  11.16180897  11.95059681  10.96763802
  10.33711052  10.6666193    9.40978146   5.95096922   4.55483198
   1.72279787  -0.95845711  -0.76887512  -3.74435806  -4.40356541
  -5.08394718  -6.0581708   -5.86971331  -7.01528597  -6.92195797
  -8.54503441 -11.33076859 -12.11598969 -11.41792583 -12.33343506
 -14.16433334 -13.3125124  -11.29470539 -10.45342636 -10.3784523 ]
<NDArray 300 @cpu(0)>

[-1. -1. -1. -1. -1. -1. -1. -1. -1. -1. -1. -1. -1. -1. -1. -1. -1. -1.
  1.  1.  1.  1.  1.  1.  1.  1.  1.  1.  1.  1.  1.  1.  1.  1.  1.  1.
  1.  1.  1.  1.  1.  1.  1.  1.  1.  1.  1.  1.  1.  1.  1.  1.  1. -1.
 -1. -1. -1. -1. -1. -1. -1. -1. -1. -1. -1. -1. -1. -1. -1. -1. -1. -1.
 -1. -1. -1. -1. -1. -1. -1. -1. -1. -1. -1. -1. -1. -1. -1. -1. -1. -1.
 -1. -1. -1. -1. -1. -1. -1. -1. -1. -1. -1. -1. -1. -1. -1. -1. -1. -1.
 -1. -1. -1. -1. -1. -1. -1. -1. -1. -1. -1. -1. -1. -1. -1.  1.  1.  1.
  1.  1.  1.  1.  1.  1.  1.  1.  1.  1.  1.  1.  1.  1.  1.  1.  1.  1.
  1.  1.  1.  1.  1.  1.  1.  1.  1.  1.  1.  1.  1.  1.  1.  1.  1.  1.
  1.  1.  1.  1.  1.  1.  1.  1.  1.  1.  1.  1.  1.  1.  1.  1.  1.  1.
  1.  1.  1.  1. -1. -1. -1. -1. -1. -1. -1.  1. -1. -1. -1. -1. -1. -1.
 -1. -1. -1. -1. -1. -1. -1. -1. -1. -1. -1. -1. -1. -1. -1. -1. -1. -1.
 -1. -1. -1. -1. -1. -1. -1. -1. -1.  1.  1.  1.  1.  1.  1.  1.  1.  1.
  1.  1.  1.  1.  1.  1.  1.  1.  1.  1.  1.  1.  1.  1.  1.  1.  1.  1.
  1.  1.  1.  1.  1.  1.  1.  1.  1.  1.  1.  1.  1.  1.  1.  1.  1.  1.
  1.  1.  1.  1.  1.  1.  1.  1.  1.  1.  1.  1. -1. -1. -1. -1. -1. -1.
 -1. -1. -1. -1. -1. -1. -1. -1. -1. -1. -1. -1.]
<NDArray 300 @cpu(0)>
Metric. Data id =  0  Time:  920.860882998
Metric. Data id =  50000  Time:  961.363795996

[ -7.43803835  -4.67138577  -4.87310028  -4.70037413  -4.86380625
  -4.98689508  -4.87011337  -5.19794607  -5.8670373   -6.22181797
  -6.26571274  -6.55541754  -7.56614304  -7.86673069  -7.50414801
  -7.66447592  -7.70055866  -7.3626709   -7.84867764  -7.99956656
  -8.21001244  -8.43684673  -8.2097311   -8.22335625  -8.19928837
  -7.94899416  -8.01953697  -7.86342335  -7.42522812  -7.7251935
  -7.71065187  -7.47863865  -7.73420954  -6.77153969  -7.14609337
  -6.81620693  -6.83316803  -6.60366821  -6.64856863  -7.27356672
  -6.89540958  -6.92319822  -6.89987803  -6.79659796  -6.94956636
  -6.75893736  -7.01245403  -7.34442949  -6.99325085  -7.10957193
  -7.14220572  -6.94131851  -7.55258703  -7.38953495  -7.90238619
  -7.48481703  -8.89883709  -9.26765823  -8.62836075  -8.21452808
  -7.70329952  -7.88645458  -7.23769617  -7.93215132  -7.90796947
  -7.2612977   -7.15759182  -7.31728935  -7.35843229  -7.49088049
  -7.56284952  -8.05536366  -8.47103405  -8.41331005  -8.36799812
  -7.95818949  -8.06366348  -7.6730094   -7.66565704  -7.58040237
  -7.575984    -7.30033207  -6.6854682   -6.35253334  -6.0937624
  -6.07310915  -6.20135117  -5.84705782  -5.27174997  -5.14811516
  -4.79452944  -4.36841583  -4.18222094  -4.24466896  -3.92798376
  -3.53683329  -3.53722501  -3.54006553  -3.38155746  -3.273875
  -3.13821173  -3.035748    -3.25416946  -3.38121104  -3.41021132
  -3.9194653   -3.88743615  -3.64610195  -3.84498763  -3.73227811
  -4.18272495  -4.16802263  -3.90220094  -4.35262489  -4.8157649
  -5.08829212  -5.06850624  -5.28767967  -5.70474339  -5.94537163
  -6.02817249  -6.12423038  -6.09333324  -6.65953827  -6.53604269
  -6.51491928  -6.31586552  -6.85466528  -6.78897142  -6.82405949
  -7.18199348  -7.04029417  -7.17982626  -7.26972198  -7.487391
  -7.82143211  -7.63737774  -7.83065844  -7.8913517   -7.89953279
  -7.47274446  -6.9316864   -7.3651495   -7.7416048   -7.86150265
  -7.65915823  -7.55171967  -7.67715693  -7.28450871  -7.39473629
  -7.10820293  -7.1470623   -7.19388628  -7.41447687  -7.38369179
  -7.35960865  -7.39352465  -7.27796602  -7.38562393  -7.39381742
  -7.34891891  -7.31977081  -7.38460922  -7.78927183  -8.28172874
  -8.73526382  -8.7468586   -8.87058353  -9.52278042  -9.50208569
  -8.9908123   -8.98160839  -8.89196396  -8.7802763   -8.74521351
  -8.7898016   -8.79134178  -8.99910355  -8.70222187  -8.39344025
  -8.40948486  -7.96639061  -7.55237389  -7.10312891  -7.18632984
  -7.32066584  -7.40311337  -7.74816179  -8.32474518  -8.29097557
  -8.30940914  -8.04093742  -7.87791348  -7.75090551  -7.66083193
  -7.7487669   -7.53878784  -7.74758244  -8.04491425  -7.84626007
  -8.06135845  -8.43244553  -8.16234779  -7.60391188  -7.66491461
  -7.56357861  -7.72277689  -7.83861399  -7.89818954  -8.21475792
  -8.20861244  -8.33127785  -8.20310974  -8.09600544  -8.66200733
  -8.99561691  -8.64431858  -8.81772804  -8.59639359  -8.79712296
  -9.06493092  -9.29656696  -9.65833092  -9.47046185  -9.06442261
  -9.33482647  -9.60708332  -8.44638443  -8.68806362  -8.52696896
  -9.10668278  -8.92907143  -9.47214603  -9.34201145  -9.0010767
  -8.68138599  -8.84385395  -8.36097336  -8.7074976   -8.53482723
  -8.28182793  -8.29953957  -8.43626499  -9.02861404  -8.92685986
  -9.14806938  -9.25348759  -9.97997475  -9.61279869  -9.4403677
  -8.84988403  -8.9621048   -8.76647758  -8.68476009  -8.74426651
  -8.18392658  -8.4053936   -8.23018456  -8.14343452  -8.06583786
  -7.92365885  -8.06241512  -7.86974525  -8.1034584   -8.11990929
  -8.6096077   -9.20119953  -9.07603931  -9.40978622  -9.55810261
  -9.69632339  -9.72598457  -9.62407017  -9.7735157  -10.20640182
  -9.74074078  -9.34938145  -9.64706039  -9.71900177  -9.41533947
  -9.25666523  -9.12426662  -8.86407566  -9.04465485  -9.17675877
  -8.7148962   -9.04078484  -8.56008911  -9.30961514  -9.85309029
  -9.58349037  -9.50141525  -8.91877937  -8.78494835  -9.39051437
  -8.70014668  -8.81592941  -8.62125206  -9.02466869  -8.70149231]
<NDArray 300 @cpu(0)>

[-1. -1. -1. -1. -1. -1. -1. -1. -1. -1. -1. -1. -1. -1. -1. -1. -1. -1.
 -1. -1. -1. -1. -1. -1. -1. -1. -1. -1. -1. -1. -1. -1. -1. -1. -1. -1.
 -1. -1. -1. -1. -1. -1. -1. -1. -1. -1. -1. -1. -1. -1. -1. -1. -1. -1.
 -1. -1. -1. -1. -1. -1. -1. -1. -1. -1. -1. -1. -1. -1. -1. -1. -1. -1.
 -1. -1. -1. -1. -1. -1. -1. -1. -1. -1. -1. -1. -1. -1. -1. -1. -1. -1.
 -1. -1. -1. -1. -1. -1. -1. -1. -1. -1. -1. -1. -1. -1. -1. -1. -1. -1.
 -1. -1. -1. -1. -1. -1. -1. -1. -1. -1. -1. -1. -1. -1. -1. -1. -1. -1.
 -1. -1. -1. -1. -1. -1. -1. -1. -1. -1. -1. -1. -1. -1. -1. -1. -1. -1.
 -1. -1. -1. -1. -1. -1. -1. -1. -1. -1. -1. -1. -1. -1. -1. -1. -1. -1.
 -1. -1. -1. -1. -1. -1. -1. -1. -1. -1. -1. -1. -1. -1. -1. -1. -1. -1.
 -1. -1. -1. -1. -1. -1. -1. -1. -1. -1. -1. -1. -1. -1. -1. -1. -1. -1.
 -1. -1. -1. -1. -1. -1. -1. -1. -1. -1. -1. -1. -1. -1. -1. -1. -1. -1.
 -1. -1. -1. -1. -1. -1. -1. -1. -1. -1. -1. -1. -1. -1. -1. -1. -1. -1.
 -1. -1. -1. -1. -1. -1. -1. -1. -1. -1. -1. -1. -1. -1. -1. -1. -1. -1.
 -1. -1. -1. -1. -1. -1. -1. -1. -1. -1. -1. -1. -1. -1. -1. -1. -1. -1.
 -1. -1. -1. -1. -1. -1. -1. -1. -1. -1. -1. -1. -1. -1. -1. -1. -1. -1.
 -1. -1. -1. -1. -1. -1. -1. -1. -1. -1. -1. -1.]
<NDArray 300 @cpu(0)>
Metric. Data id =  0  Time:  990.976603031
Metric. Data id =  50000  Time:  1031.54643989
Metric. Data id =  100000  Time:  1072.23964405
Metric. Data id =  150000  Time:  1112.89757204
Epoch 1. Loss: 0.0315955510376, Train_acc 0.98570080664, Test_acc 0.985383125694
Data id =  0  Time:  1135.32918286
Data id =  50000  Time:  1229.28602505
Data id =  100000  Time:  1322.75669885
Data id =  150000  Time:  1416.40250492

[-10.35732079 -10.64753532 -10.48655319  -9.34420776 -11.04230785
 -12.56344032 -13.69754791 -10.97784042 -11.04056358 -10.62147522
 -12.96551228 -12.03258896 -11.51003647  -9.00340176  -8.56524181
  -2.58718014   1.49866056   4.88898182  11.72460651  17.28990555
  19.02779007  24.14746475  30.84504128  32.52421951  42.34590912
  41.60317993  47.79491043  51.56123352  49.86530304  51.42845917
  53.81380844  56.38604355  55.27349472  52.8539238   53.90595627
  57.88753128  56.52558136  58.36135864  61.19215775  58.30062103
  53.41304779  49.15513229  45.34335709  41.69782639  42.72015762
  36.28432846  28.13541031  22.80574608  16.88622284  13.15267277
   8.97961426   5.67040348   2.99423814   1.93799925  -0.7055155
  -0.30527335  -0.72617525  -0.90152299  -0.80599535  -2.74051476
  -5.88129568  -7.41082621  -7.93483686  -7.02704096  -6.71581984
 -10.58132458  -7.74531889 -11.07328701  -9.96544075 -11.05516624
 -13.94197655 -14.5381031  -15.90155315 -11.44079304  -9.28741646
 -10.22158623 -11.40496159  -8.62837029  -7.23506689  -7.04414415
  -6.66267252  -7.14501429  -9.12847424 -10.79182816 -10.88853931
 -13.4602747  -12.73787403 -10.46157932 -11.3454895   -8.68045998
  -7.04654837  -5.58700132  -4.71530199  -2.51869202  -3.19506621
  -3.28735685  -3.52372169  -2.69221854  -4.44933987  -4.17953014
  -5.27239132  -6.57059097  -5.63914204  -8.09994221  -7.57244968
  -6.23572969 -11.04144573  -7.44338846  -8.80177021 -13.09373951
 -14.96774769 -12.71294594 -12.49838352 -14.30694103 -15.47747231
 -14.14605904 -13.46395588 -15.81823254 -15.27434444 -10.86961842
  -8.30264378  -4.89764071  -1.5022403    7.10458755  14.81323814
  21.09212494  28.34364319  33.05577087  31.30577278  38.47221756
  35.42573929  37.38063812  36.34156799  35.59792709  35.6122551
  36.31797409  37.82739639  31.93421936  30.11543465  32.78652573
  29.88167953  31.05662537  34.28862     36.70653915  35.00535202
  31.45889664  29.77236176  25.36537361  23.49611282  23.26088524
  24.41601753  20.75214958  22.92563629  23.53789902  25.46050072
  22.54570961  22.38144493  23.86768723  26.85204697  30.49064636
  32.59724808  35.2153244   37.88906479  38.07674026  38.59968948
  36.56678391  37.09766388  38.48379898  41.48459244  42.85839081
  39.59325409  35.98610687  32.88970947  32.65953827  30.85910988
  26.69411278  24.11909485  21.62738228  20.31039619  16.79058838
  14.04453182  10.05077648   6.52958965   0.83568174  -0.16819866
  -2.35425425  -3.22581124  -4.08384752  -4.46412277  -3.79279804
  -3.15716505  -3.11828399  -3.50623679  -6.03972149  -7.01853466
  -8.42421722 -10.0937233   -9.83973789 -12.61417866 -15.65684414
 -12.37786007 -15.22278118 -13.44602108 -15.44048595 -13.26681328
 -15.75629711 -13.98350143 -10.51422691 -12.70627308 -11.77236366
 -10.2575922  -13.04332542 -13.52964878 -14.4297514  -12.18728638
 -12.29096603 -10.67362785 -11.72083187  -9.47698212  -9.66656303
  -9.56659412  -7.98220968  -4.1893034   -4.00493765  -2.01217937
   9.82325459  19.08561897  21.64336967  19.36508179  29.22606468
  32.40001678  42.10287857  46.85341644  55.9291954   51.91415787
  51.94851685  53.62901306  54.53619766  56.51909637  56.01243591
  52.74817657  48.87482071  47.43968201  45.47304535  46.34212494
  44.74012375  41.9414978   41.93521118  36.61048126  33.79750443
  37.95836639  36.9336319   34.16716766  31.89167213  31.05061722
  27.79115486  26.43201065  21.75786018  20.99947739  22.55278015
  17.51245499  17.90100479  15.62897396  13.13134003  14.5208149
  12.70955276  13.1501646   14.10503197  13.80091572  12.45065403
  12.95567989  13.88436413  13.67674541  15.03088951  14.70795536
  13.16169262  13.64773464  11.33083916   9.15510178   5.57093287
   2.47059631  -1.03410614  -1.38922739  -3.80552936  -2.97463989
  -4.51528311  -3.76178885  -6.97636175  -6.34868145  -6.36848831
  -9.94926453 -13.17808914 -14.12245178 -13.21508503 -13.75538635
 -14.87867832 -14.55722427 -12.46777821 -11.05966473 -10.40691853]
<NDArray 300 @cpu(0)>

[-1. -1. -1. -1. -1. -1. -1. -1. -1. -1. -1. -1. -1. -1. -1. -1. -1. -1.
  1.  1.  1.  1.  1.  1.  1.  1.  1.  1.  1.  1.  1.  1.  1.  1.  1.  1.
  1.  1.  1.  1.  1.  1.  1.  1.  1.  1.  1.  1.  1.  1.  1.  1.  1. -1.
 -1. -1. -1. -1. -1. -1. -1. -1. -1. -1. -1. -1. -1. -1. -1. -1. -1. -1.
 -1. -1. -1. -1. -1. -1. -1. -1. -1. -1. -1. -1. -1. -1. -1. -1. -1. -1.
 -1. -1. -1. -1. -1. -1. -1. -1. -1. -1. -1. -1. -1. -1. -1. -1. -1. -1.
 -1. -1. -1. -1. -1. -1. -1. -1. -1. -1. -1. -1. -1. -1. -1.  1.  1.  1.
  1.  1.  1.  1.  1.  1.  1.  1.  1.  1.  1.  1.  1.  1.  1.  1.  1.  1.
  1.  1.  1.  1.  1.  1.  1.  1.  1.  1.  1.  1.  1.  1.  1.  1.  1.  1.
  1.  1.  1.  1.  1.  1.  1.  1.  1.  1.  1.  1.  1.  1.  1.  1.  1.  1.
  1.  1.  1.  1. -1. -1. -1. -1. -1. -1. -1.  1. -1. -1. -1. -1. -1. -1.
 -1. -1. -1. -1. -1. -1. -1. -1. -1. -1. -1. -1. -1. -1. -1. -1. -1. -1.
 -1. -1. -1. -1. -1. -1. -1. -1. -1.  1.  1.  1.  1.  1.  1.  1.  1.  1.
  1.  1.  1.  1.  1.  1.  1.  1.  1.  1.  1.  1.  1.  1.  1.  1.  1.  1.
  1.  1.  1.  1.  1.  1.  1.  1.  1.  1.  1.  1.  1.  1.  1.  1.  1.  1.
  1.  1.  1.  1.  1.  1.  1.  1.  1.  1.  1.  1. -1. -1. -1. -1. -1. -1.
 -1. -1. -1. -1. -1. -1. -1. -1. -1. -1. -1. -1.]
<NDArray 300 @cpu(0)>
Metric. Data id =  0  Time:  1464.78580189
Metric. Data id =  50000  Time:  1503.79444885

[ -7.4916563   -5.39699364  -5.74018717  -5.49969912  -5.61589909
  -5.61392927  -5.6033535   -5.91776133  -6.61822128  -6.70825529
  -6.70743704  -7.01266241  -8.28149223  -8.56242085  -8.54703999
  -8.31563568  -8.44382954  -7.89767885  -8.61893559  -8.95508003
  -9.21603107  -9.45098972  -9.23956108  -9.2007885   -9.05762577
  -8.61608601  -8.69770813  -8.55489254  -8.07137299  -8.5025835
  -8.38237667  -7.87631702  -8.25263405  -7.35589457  -7.58918762
  -7.48902559  -7.37007666  -7.25408077  -7.20764399  -7.58963966
  -7.57120991  -7.44663334  -7.34351397  -7.36596632  -7.49997568
  -7.46125507  -7.64934301  -7.93236876  -7.79199648  -7.67176104
  -7.72118187  -7.50483513  -8.10904312  -7.92243624  -8.12605095
  -7.7015233   -9.36046505  -9.75342369  -8.99135113  -8.31519222
  -7.85220289  -8.06330299  -7.54002857  -8.19343853  -8.13447571
  -7.83637571  -7.72690773  -7.77914238  -7.80966473  -7.81195927
  -7.83989811  -8.44474316  -9.00012016  -9.05854321  -8.98863602
  -8.68106651  -8.8198595   -8.16965771  -8.36893272  -8.26361752
  -8.23089218  -7.88370132  -6.96499491  -6.68740654  -6.19330454
  -6.3805232   -6.66614676  -6.42291832  -5.71477032  -5.85767603
  -5.63724756  -4.97282743  -4.90415096  -4.71694803  -4.48632431
  -3.75741076  -3.50373888  -3.43517923  -3.34897661  -3.2381978
  -3.00478339  -2.85864782  -3.0828433   -3.24337864  -3.09277868
  -3.53342199  -3.43944073  -3.18032312  -3.42689967  -3.43992114
  -3.6561079   -3.8979454   -3.92837644  -4.39890575  -4.99640036
  -4.98384094  -5.25036049  -5.55899763  -6.01561308  -6.41883183
  -6.46239662  -6.52343607  -6.4811039   -7.04187584  -7.17549467
  -7.09903049  -6.94057417  -7.46086979  -7.21739578  -7.24746323
  -7.57492256  -7.64539337  -7.83432531  -7.92249489  -8.12283897
  -8.40556431  -7.97462559  -8.27942753  -8.50590324  -8.76985264
  -8.34306717  -7.84400654  -8.49955559  -8.26087856  -8.58228874
  -8.27571392  -8.19292164  -8.3504858   -8.1037426   -7.98727322
  -7.76964951  -7.70090199  -7.79161501  -8.05082321  -7.90095377
  -8.11729431  -7.8754549   -8.14682388  -8.08765125  -8.33877468
  -8.28881359  -8.20900726  -7.99254465  -8.34786701  -8.88411331
  -9.50822353  -9.79563999 -10.04407597 -10.43096256 -10.60131645
 -10.18784428 -10.11229324 -10.05239391 -10.08838272 -10.04366493
 -10.01568413 -10.19519424 -10.13568115  -9.73214912  -9.482481
  -9.24152279  -8.66176224  -8.25535393  -7.93424416  -7.90375757
  -8.07953072  -7.82696056  -8.34724808  -8.87782001  -9.1241703
  -9.03310108  -8.59741116  -8.69329548  -8.73465347  -8.74048424
  -8.66117191  -8.47602463  -8.43348598  -8.57450581  -8.651124
  -8.81266975  -8.9658432   -8.48877525  -7.95381021  -8.09397793
  -8.31969929  -8.31675148  -8.32379532  -8.21961403  -8.44593716
  -8.77575779  -8.80090523  -9.03301334  -8.5341568   -9.33998013
  -9.54557419  -9.2591877   -9.55648899  -8.86735535  -9.51434803
  -9.74224949  -9.98377514 -10.11501884  -9.77804947  -9.34004402
  -9.44131565  -9.56179333  -8.65210438  -8.93850613  -8.65775776
  -8.96855068  -9.15852737  -9.63390636  -9.57947636  -9.44923878
  -8.8008461   -9.27847958  -9.10955715  -9.54145813  -9.4883337
  -9.29877472  -9.51724339  -9.67094612 -10.09167004  -9.87744331
  -9.91649342  -9.93391895 -10.79126072 -10.46736336 -10.09735966
  -9.42713356  -9.55023766  -9.51389313  -9.33510208  -9.45411777
  -8.77173042  -8.56514168  -8.39322662  -8.55753899  -8.52192497
  -8.59496689  -8.49452114  -8.20797634  -8.57229042  -8.50659561
  -9.1745863   -9.68002129  -9.71974373 -10.15290356 -10.22815132
 -10.35203362 -10.55228138 -10.53640842 -10.51876831 -11.00635624
 -10.85847759 -10.56690598 -10.67840958 -10.38592339  -9.72755909
  -9.47884655  -9.70307255  -9.43656254  -9.7525959   -9.77772331
  -9.16671562  -9.37463856  -9.11367416  -9.68235493 -10.11741543
 -10.26380634  -9.95469666  -9.50772285  -9.42438412  -9.87697887
  -9.33428001  -9.46116447  -9.07411957  -9.34532452  -9.06477356]
<NDArray 300 @cpu(0)>

[-1. -1. -1. -1. -1. -1. -1. -1. -1. -1. -1. -1. -1. -1. -1. -1. -1. -1.
 -1. -1. -1. -1. -1. -1. -1. -1. -1. -1. -1. -1. -1. -1. -1. -1. -1. -1.
 -1. -1. -1. -1. -1. -1. -1. -1. -1. -1. -1. -1. -1. -1. -1. -1. -1. -1.
 -1. -1. -1. -1. -1. -1. -1. -1. -1. -1. -1. -1. -1. -1. -1. -1. -1. -1.
 -1. -1. -1. -1. -1. -1. -1. -1. -1. -1. -1. -1. -1. -1. -1. -1. -1. -1.
 -1. -1. -1. -1. -1. -1. -1. -1. -1. -1. -1. -1. -1. -1. -1. -1. -1. -1.
 -1. -1. -1. -1. -1. -1. -1. -1. -1. -1. -1. -1. -1. -1. -1. -1. -1. -1.
 -1. -1. -1. -1. -1. -1. -1. -1. -1. -1. -1. -1. -1. -1. -1. -1. -1. -1.
 -1. -1. -1. -1. -1. -1. -1. -1. -1. -1. -1. -1. -1. -1. -1. -1. -1. -1.
 -1. -1. -1. -1. -1. -1. -1. -1. -1. -1. -1. -1. -1. -1. -1. -1. -1. -1.
 -1. -1. -1. -1. -1. -1. -1. -1. -1. -1. -1. -1. -1. -1. -1. -1. -1. -1.
 -1. -1. -1. -1. -1. -1. -1. -1. -1. -1. -1. -1. -1. -1. -1. -1. -1. -1.
 -1. -1. -1. -1. -1. -1. -1. -1. -1. -1. -1. -1. -1. -1. -1. -1. -1. -1.
 -1. -1. -1. -1. -1. -1. -1. -1. -1. -1. -1. -1. -1. -1. -1. -1. -1. -1.
 -1. -1. -1. -1. -1. -1. -1. -1. -1. -1. -1. -1. -1. -1. -1. -1. -1. -1.
 -1. -1. -1. -1. -1. -1. -1. -1. -1. -1. -1. -1. -1. -1. -1. -1. -1. -1.
 -1. -1. -1. -1. -1. -1. -1. -1. -1. -1. -1. -1.]
<NDArray 300 @cpu(0)>
Metric. Data id =  0  Time:  1532.57222486
Metric. Data id =  50000  Time:  1575.06071401
Metric. Data id =  100000  Time:  1624.45179892
Metric. Data id =  150000  Time:  1670.10429406
Epoch 2. Loss: 0.0306008730823, Train_acc 0.987235319069, Test_acc 0.986910531396
Time preparing net:  1692.10078192
