Time load data:  8.98809981346

Preparing the network
Activation function in hidden layer 1: relu
Activation function in hidden layer 2: tanh
Loss function: HingeLoss
Learning rate: 0.05

Time preparing net:  3.07028484344
Data id =  0  Time:  0.637099981308
Data id =  50000  Time:  113.415528059
Data id =  100000  Time:  227.042376995
Data id =  150000  Time:  340.062252998

[ -3.03588963  -2.62991095  -2.38027143  -2.84232259  -2.34232688
  -1.62211883  -2.55346179  -1.96680892  -3.19094014  -2.57509089
  -2.14220381  -3.97479296  -2.52478623  -3.14394879  -2.88261867
  -1.76824892  -0.75556415  -0.26247042   1.97638249   3.18759751
   3.91413856   5.27237034   5.21610928   5.42341805   6.09446383
   7.06651545   7.54870653   8.16162682   7.58437157   9.50913048
   7.74701405   7.9020915    6.86830521   7.87443542   8.68785954
   7.39218616   8.44112587   8.63247585   8.17228889   8.734828     7.7570982
   8.19211102   9.67032528   7.73791456   9.05404186   6.91351938
   6.58272171   4.59676647   3.82383275   2.88061261   1.69939947
   0.95230103  -0.95082062  -0.49952763  -0.81385803  -1.29141843
  -0.94530499  -1.80705202  -2.72774196  -2.20981765  -2.46704602
  -4.34154844  -2.24470115  -4.63867569  -3.91543245  -4.08427143
  -4.17007542  -2.96746111  -3.19586253  -4.26885366  -3.75252128
  -5.08868647  -4.15131807  -3.93928266  -4.24759817  -2.36098146
  -3.03421187  -2.18791223  -3.00927043  -2.6253705   -3.44918919
  -3.73549581  -3.04168582  -4.20831299  -4.46804428  -4.02384758
  -3.48924589  -3.0619173   -3.31931067  -2.56783748  -2.43782616
  -2.93993354  -2.49020147  -3.13203263  -2.26987886  -2.61865616
  -1.90900278  -1.70253074  -2.41423798  -2.02861929  -1.5430311
  -2.27644682  -1.80093205  -2.34990048  -2.36422038  -2.26845932
  -3.93739152  -2.72873855  -3.75354218  -3.24959087  -3.11052179
  -3.62890291  -3.01488566  -4.90114737  -3.8334353   -5.59554243
  -2.98579597  -4.14507341  -4.02097368  -2.88663387  -2.68811488
  -1.50848007  -0.11502451   2.59468055   1.29226959   3.27397251
   4.0279727    5.59399986   6.01795149   6.05210972   6.26796389
   4.81977558   7.5827775    4.47944927   7.26885557   6.66854095
   7.18519449   6.34914351   7.18468952   6.82259321   7.66150904
   4.74323606   6.14601326   6.50525427   6.25763083   8.304533
   4.76869631   4.36118507   4.26241922   4.96162128   4.85809135
   4.882514     5.09341812   5.32375717   4.93604994   3.90016985
   4.44923449   4.48931456   5.46662474   6.58122158   5.2244091
   5.27406406   5.38099384   6.89240265   7.06400585   7.40643263
   6.46290159   8.40833569   6.9755559    6.78157187   7.47097874
   7.37857056   9.20167923   6.13752079   6.48913622   7.21100664
   6.43175411   4.78233051   5.23106718   4.18447208   3.31092572
   2.55403614   1.19547176  -0.38875344  -1.22126162  -2.18318009
  -1.88787317  -2.80965209  -2.0778172   -2.04965234  -2.17941046
  -1.97921586  -2.01052117  -2.87183857  -1.99986303  -1.72194004
  -4.3595109   -3.82776499  -4.08504248  -4.09372854  -4.51198816
  -4.46300793  -3.60372376  -3.8105123   -4.18378496  -4.96134329
  -3.7167511   -3.5196414   -3.85237193  -3.52585053  -3.00226355
  -4.04238605  -3.4246037   -4.29498339  -4.18542147  -3.77230549
  -3.55601692  -3.1978941   -3.6309588   -3.17045379  -2.43000245
  -1.93720925  -1.14056814  -1.06154096   0.49391648   3.27762008
   4.30582237   5.38974905   5.26202011   4.92513037   6.94945145
   7.13906574  10.26095676   8.96836376   9.60386372   9.99510098
  10.93929386  10.60852814   9.18086243   6.47265482   8.25251102
   6.91974974   6.88237572   8.64071846   7.65932417   7.26967478
   6.46335411   4.21281433   5.44142628   5.55557108   4.78392506
   4.56481886   5.71518135   4.60653305   4.89400005   4.77283478
   4.77136135   3.29449153   4.60332155   4.12756348   4.17217684
   4.93771124   3.59383035   3.17602229   2.87151742   3.99863577
   3.63531232   2.80019522   4.44818211   4.25848436   3.89696026
   3.57296729   4.38100195   4.02593517   2.99581599   3.33328581
   3.85400772   3.76773882   2.17692566   2.44689775   1.01394439
   0.67454255  -0.25298065   0.16689391  -1.25492144  -1.01864767
  -1.8748461   -2.11196947  -2.68483067  -2.4215734   -3.34055924
  -3.86431694  -4.75673437  -4.08213663  -4.46904945  -4.42008448
  -3.53099155  -3.52222085  -2.72707438  -3.87260985]
<NDArray 300 @cpu(0)>

[-1. -1. -1. -1. -1. -1. -1. -1. -1. -1. -1. -1. -1. -1. -1. -1. -1. -1.
  1.  1.  1.  1.  1.  1.  1.  1.  1.  1.  1.  1.  1.  1.  1.  1.  1.  1.
  1.  1.  1.  1.  1.  1.  1.  1.  1.  1.  1.  1.  1.  1.  1.  1.  1. -1.
 -1. -1. -1. -1. -1. -1. -1. -1. -1. -1. -1. -1. -1. -1. -1. -1. -1. -1.
 -1. -1. -1. -1. -1. -1. -1. -1. -1. -1. -1. -1. -1. -1. -1. -1. -1. -1.
 -1. -1. -1. -1. -1. -1. -1. -1. -1. -1. -1. -1. -1. -1. -1. -1. -1. -1.
 -1. -1. -1. -1. -1. -1. -1. -1. -1. -1. -1. -1. -1. -1. -1.  1.  1.  1.
  1.  1.  1.  1.  1.  1.  1.  1.  1.  1.  1.  1.  1.  1.  1.  1.  1.  1.
  1.  1.  1.  1.  1.  1.  1.  1.  1.  1.  1.  1.  1.  1.  1.  1.  1.  1.
  1.  1.  1.  1.  1.  1.  1.  1.  1.  1.  1.  1.  1.  1.  1.  1.  1.  1.
  1.  1.  1.  1. -1. -1. -1. -1. -1. -1. -1.  1. -1. -1. -1. -1. -1. -1.
 -1. -1. -1. -1. -1. -1. -1. -1. -1. -1. -1. -1. -1. -1. -1. -1. -1. -1.
 -1. -1. -1. -1. -1. -1. -1. -1. -1.  1.  1.  1.  1.  1.  1.  1.  1.  1.
  1.  1.  1.  1.  1.  1.  1.  1.  1.  1.  1.  1.  1.  1.  1.  1.  1.  1.
  1.  1.  1.  1.  1.  1.  1.  1.  1.  1.  1.  1.  1.  1.  1.  1.  1.  1.
  1.  1.  1.  1.  1.  1.  1.  1.  1.  1.  1.  1. -1. -1. -1. -1. -1. -1.
 -1. -1. -1. -1. -1. -1. -1. -1. -1. -1. -1. -1.]
<NDArray 300 @cpu(0)>
Metric. Data id =  0  Time:  398.102054119
Metric. Data id =  50000  Time:  450.090400934

[-5.0842557  -2.49734926 -2.73893404 -2.68822169 -2.47906399 -2.93515015
 -3.01313782 -2.95948958 -3.51577306 -3.74525642 -4.12873411 -3.76694965
 -4.1220212  -4.25965214 -3.76781249 -3.63777447 -3.36553454 -3.54642677
 -3.58308697 -3.2980969  -2.99026728 -3.07844591 -3.58997774 -3.40891862
 -3.43924356 -4.15554142 -3.96720028 -4.40239382 -4.19558048 -3.71727848
 -4.06942606 -3.85306644 -3.891078   -2.8463695  -3.09422898 -3.07508087
 -3.31948614 -3.08872581 -3.35230136 -3.22213435 -3.41884923 -3.06127858
 -3.53889108 -3.41763425 -3.28360271 -3.40586615 -3.40195489 -3.76876044
 -3.74982429 -3.8142879  -4.09153748 -3.21435428 -3.42350793 -3.62755823
 -4.10053539 -4.392241   -4.85584688 -3.80907059 -3.27969122 -3.83533239
 -3.25261045 -2.86680365 -3.01552677 -2.75273085 -3.13949847 -3.11041188
 -3.35843658 -3.03937054 -3.26974773 -3.14016461 -3.36450744 -3.76191521
 -3.49971628 -3.61787367 -3.51891851 -3.60836339 -3.38990378 -3.68005657
 -3.39702678 -3.45076466 -3.6855278  -3.6070509  -3.36472416 -3.61823225
 -3.36011195 -3.49794006 -3.61614919 -3.32171965 -3.1445694  -2.82002306
 -2.85862827 -2.20343971 -2.16434956 -1.76201153 -2.14103866 -1.64662623
 -1.4057256  -1.20580769 -1.37340295 -1.42943347 -1.22337544 -1.24037826
 -1.21967435 -1.2494148  -1.37141311 -1.26145613 -1.60543299 -1.29024982
 -1.26690984 -1.81283736 -1.74474669 -1.56828821 -1.8478204  -1.73305583
 -2.00103593 -2.50962448 -2.05791283 -2.67362547 -2.63288975 -3.07491517
 -2.75711346 -2.66131687 -3.25509834 -2.89105773 -3.14484119 -3.19212294
 -3.21622038 -3.61310458 -3.47928405 -3.30507398 -3.25880337 -3.17358494
 -3.26544142 -3.27846074 -3.3710587  -3.53371167 -3.68922305 -3.66155958
 -3.79042697 -3.67356753 -3.68271708 -3.77156591 -3.69860029 -4.13699532
 -4.42158175 -3.92438912 -3.53243589 -3.64751744 -3.62296534 -3.52982807
 -3.2923069  -3.03194833 -3.3177743  -3.19750094 -3.68670082 -2.87212896
 -3.16044927 -3.22462893 -2.90355086 -3.06433773 -3.46618366 -3.53735185
 -3.61416292 -4.19307137 -3.76187873 -4.34577942 -4.74425602 -4.60947037
 -4.84558296 -4.9764576  -5.31734228 -5.72805166 -4.78239346 -4.60706663
 -5.02977085 -4.71194458 -4.84405947 -4.3235364  -4.40308046 -4.46065664
 -4.8873806  -4.109622   -4.31698513 -4.05092192 -4.1147604  -3.86659455
 -3.89562488 -3.71355987 -4.18260336 -4.23450947 -4.63164616 -4.12944555
 -3.7156074  -3.74624467 -4.02046585 -4.19242287 -3.67250133 -3.57760525
 -3.53529978 -3.58171058 -4.01043892 -4.33837748 -3.9386611  -4.25256014
 -4.00640678 -3.32277513 -3.78349209 -4.01584053 -4.03076172 -3.89857888
 -3.84241509 -4.36454773 -4.2930975  -4.50543833 -4.21393394 -4.2731638
 -4.64602804 -4.14159441 -3.7248702  -3.47696424 -4.27445412 -4.00607395
 -4.27712297 -4.14265203 -4.07424068 -4.14414787 -5.22310162 -5.37778759
 -4.57595158 -4.55501747 -4.58276653 -4.56069565 -4.69113111 -4.4796195
 -4.8730197  -4.48279524 -4.91170073 -4.17018938 -4.5258956  -4.02433014
 -4.35089111 -4.37589645 -4.22249126 -4.78940392 -4.61886215 -4.57200766
 -4.78031349 -5.10783863 -5.31365585 -4.92869043 -5.02015448 -4.57552052
 -5.21470499 -4.2627449  -4.12935925 -4.07986879 -4.16802454 -4.10824871
 -3.91662407 -3.79515648 -3.78944707 -4.51167202 -3.99739289 -4.40008068
 -4.47772074 -4.97586584 -5.32018852 -5.04887342 -5.38027525 -5.46723652
 -4.88020992 -4.68405008 -5.02444887 -4.90477133 -5.17045355 -5.37108469
 -4.3247261  -5.29677582 -5.19057035 -5.25852394 -4.88967848 -4.67848206
 -4.52677059 -4.47287035 -4.41555405 -4.4062314  -4.33599997 -4.10601044
 -4.27049637 -4.49548388 -5.12790585 -4.17392683 -4.25252104 -3.84390783
 -3.64470029 -3.53064919 -3.309026   -3.75373387 -3.51694798 -3.39897633]
<NDArray 300 @cpu(0)>

[-1. -1. -1. -1. -1. -1. -1. -1. -1. -1. -1. -1. -1. -1. -1. -1. -1. -1.
 -1. -1. -1. -1. -1. -1. -1. -1. -1. -1. -1. -1. -1. -1. -1. -1. -1. -1.
 -1. -1. -1. -1. -1. -1. -1. -1. -1. -1. -1. -1. -1. -1. -1. -1. -1. -1.
 -1. -1. -1. -1. -1. -1. -1. -1. -1. -1. -1. -1. -1. -1. -1. -1. -1. -1.
 -1. -1. -1. -1. -1. -1. -1. -1. -1. -1. -1. -1. -1. -1. -1. -1. -1. -1.
 -1. -1. -1. -1. -1. -1. -1. -1. -1. -1. -1. -1. -1. -1. -1. -1. -1. -1.
 -1. -1. -1. -1. -1. -1. -1. -1. -1. -1. -1. -1. -1. -1. -1. -1. -1. -1.
 -1. -1. -1. -1. -1. -1. -1. -1. -1. -1. -1. -1. -1. -1. -1. -1. -1. -1.
 -1. -1. -1. -1. -1. -1. -1. -1. -1. -1. -1. -1. -1. -1. -1. -1. -1. -1.
 -1. -1. -1. -1. -1. -1. -1. -1. -1. -1. -1. -1. -1. -1. -1. -1. -1. -1.
 -1. -1. -1. -1. -1. -1. -1. -1. -1. -1. -1. -1. -1. -1. -1. -1. -1. -1.
 -1. -1. -1. -1. -1. -1. -1. -1. -1. -1. -1. -1. -1. -1. -1. -1. -1. -1.
 -1. -1. -1. -1. -1. -1. -1. -1. -1. -1. -1. -1. -1. -1. -1. -1. -1. -1.
 -1. -1. -1. -1. -1. -1. -1. -1. -1. -1. -1. -1. -1. -1. -1. -1. -1. -1.
 -1. -1. -1. -1. -1. -1. -1. -1. -1. -1. -1. -1. -1. -1. -1. -1. -1. -1.
 -1. -1. -1. -1. -1. -1. -1. -1. -1. -1. -1. -1. -1. -1. -1. -1. -1. -1.
 -1. -1. -1. -1. -1. -1. -1. -1. -1. -1. -1. -1.]
<NDArray 300 @cpu(0)>
Metric. Data id =  0  Time:  491.56060195
Metric. Data id =  50000  Time:  549.662168026
Metric. Data id =  100000  Time:  609.83320117
Metric. Data id =  150000  Time:  669.986809015
Epoch 0. Loss: 0.0323961287509, Train_acc 0.986069822673, Test_acc 0.98571952883
Data id =  0  Time:  700.934265137
Data id =  50000  Time:  809.373440981
Data id =  100000  Time:  927.601969957
Data id =  150000  Time:  1036.35740399

[ -3.21010923  -3.08181143  -2.36184764  -2.79877639  -1.88406956
  -2.10629964  -3.04734015  -2.50077415  -3.20720458  -2.78221107
  -2.28214312  -3.75367022  -2.33790135  -2.75336552  -3.07415986
  -2.62470865  -1.18412519  -0.28082052   1.88922238   3.81268001
   4.61429834   6.75375509   6.12771177   6.25785208   7.37501955
   7.82651186   9.52862358  10.00340462   9.42678356  11.37254524
  10.79887199   9.97831726   9.51298809  10.72968578  11.02722263
   8.97764206  10.84501266  11.58136845  10.56854248  11.09421062
   9.62495995   9.9294138   10.60614872   9.12484646  10.07785416
   7.92333841   6.70086384   6.32265425   5.43714428   3.06482339
   2.05896521   0.71459538   0.09006675   0.38445047  -0.41255677
  -0.78532541  -0.61835688  -0.72717404  -1.91895998  -1.72514784
  -2.39864087  -4.93243599  -2.62368941  -5.00233603  -3.56939578
  -3.77773046  -3.54884052  -3.25447273  -2.95685959  -3.52211642
  -3.44037557  -5.00095749  -3.93540359  -3.36740208  -4.43342447
  -2.41524696  -2.80593419  -1.3937273   -2.72570324  -2.13488197
  -2.80438375  -3.47658682  -2.68367434  -4.0921154   -3.88790464
  -3.88375211  -3.97979546  -3.23858619  -3.77090168  -2.7573688
  -3.38486004  -2.92226672  -2.70829773  -3.28817105  -2.74055195
  -2.91424227  -1.41907573  -2.35205698  -2.35092306  -2.41718006
  -1.79561663  -2.52690268  -3.01884556  -3.63594341  -3.53249454
  -3.57617593  -4.54435396  -3.80593991  -4.32841587  -4.01868534
  -4.65977907  -4.22624254  -4.42860222  -6.62449837  -4.77434492
  -6.21615601  -4.00623178  -4.71442461  -4.80723715  -3.93197227
  -3.0620327   -2.26419497  -0.92900872   2.9043231    1.85968363
   3.27767038   4.7937336    5.3622489    7.2209959    7.51549435
   7.14037609   5.80590439   8.83290482   6.37278032   7.79979706
   8.18441105   7.76327085   6.79964495   8.53469372   7.68972492
   8.89119244   6.37147141   7.51086426   8.19254017   7.27424812
   9.40671635   5.94018507   4.80806828   5.05255508   5.71749163
   5.17178917   4.60750294   5.49859667   5.32318068   4.83948898
   3.56788421   4.79740238   4.68345976   6.12159252   7.7130475
   6.10516167   6.48829556   6.4740696    7.35575581   7.79392338
   8.02350426   7.5010848    9.53797722   8.87086868   8.64182568
   9.13073921   8.85760212  11.25766563   6.96283913   7.85610199
   8.84823513   7.74676514   6.70088863   6.86939144   4.82330799
   4.37811375   2.93391418   1.67393136  -0.29053548  -0.75126714
  -1.86843479  -2.21031523  -2.56574607  -2.76705575  -2.5692656
  -2.23450541  -1.0708313   -1.43994868  -2.23487854  -1.91973603
  -2.33054423  -4.25541878  -4.5800519   -4.42809534  -4.40824652
  -4.13968563  -4.73770857  -3.67086554  -3.71890187  -3.74032497
  -4.89484167  -3.52169585  -3.84703875  -2.92769098  -2.87625241
  -2.33247638  -3.88210917  -3.73931599  -4.18448544  -3.93465328
  -3.72306848  -3.6010468   -3.74412131  -4.40928698  -3.48074818
  -3.43198609  -2.5113883   -1.8210057   -0.66042978   0.520621
   3.38851357   4.06741714   4.88525486   5.22585487   5.43939686
   7.6127367    8.06165123  10.96317768  10.06877995  11.66716862
  11.24701786  11.76605034  11.90568829  10.43757248   7.54566813
   9.99844742   7.59947634   7.82100916   9.72307014   8.51266098
   8.09825325   7.13168526   5.60993719   7.44149303   7.22464848
   5.51607084   5.46105862   6.91630125   5.46754408   6.60039854
   5.42377234   5.31315327   4.84685183   5.0259676    5.19605494
   5.21689653   6.23570824   4.59079075   4.10106468   4.22215796
   4.4301362    4.96674109   3.76610017   6.09956598   5.30821991
   5.43394232   4.40360928   5.72784519   4.82479954   4.2120986
   4.45576954   5.14457846   4.3623867    3.17783022   2.9192996
   1.73946095   1.48872864  -0.26328108   0.02633179  -1.46828353
  -1.26554894  -2.25752616  -2.4779489   -3.53066134  -2.63014889
  -4.49798679  -4.79179525  -5.7395196   -4.98360538  -5.29310322
  -5.03062057  -5.15072489  -4.49266624  -3.73976064  -4.57877493]
<NDArray 300 @cpu(0)>

[-1. -1. -1. -1. -1. -1. -1. -1. -1. -1. -1. -1. -1. -1. -1. -1. -1. -1.
  1.  1.  1.  1.  1.  1.  1.  1.  1.  1.  1.  1.  1.  1.  1.  1.  1.  1.
  1.  1.  1.  1.  1.  1.  1.  1.  1.  1.  1.  1.  1.  1.  1.  1.  1. -1.
 -1. -1. -1. -1. -1. -1. -1. -1. -1. -1. -1. -1. -1. -1. -1. -1. -1. -1.
 -1. -1. -1. -1. -1. -1. -1. -1. -1. -1. -1. -1. -1. -1. -1. -1. -1. -1.
 -1. -1. -1. -1. -1. -1. -1. -1. -1. -1. -1. -1. -1. -1. -1. -1. -1. -1.
 -1. -1. -1. -1. -1. -1. -1. -1. -1. -1. -1. -1. -1. -1. -1.  1.  1.  1.
  1.  1.  1.  1.  1.  1.  1.  1.  1.  1.  1.  1.  1.  1.  1.  1.  1.  1.
  1.  1.  1.  1.  1.  1.  1.  1.  1.  1.  1.  1.  1.  1.  1.  1.  1.  1.
  1.  1.  1.  1.  1.  1.  1.  1.  1.  1.  1.  1.  1.  1.  1.  1.  1.  1.
  1.  1.  1.  1. -1. -1. -1. -1. -1. -1. -1.  1. -1. -1. -1. -1. -1. -1.
 -1. -1. -1. -1. -1. -1. -1. -1. -1. -1. -1. -1. -1. -1. -1. -1. -1. -1.
 -1. -1. -1. -1. -1. -1. -1. -1. -1.  1.  1.  1.  1.  1.  1.  1.  1.  1.
  1.  1.  1.  1.  1.  1.  1.  1.  1.  1.  1.  1.  1.  1.  1.  1.  1.  1.
  1.  1.  1.  1.  1.  1.  1.  1.  1.  1.  1.  1.  1.  1.  1.  1.  1.  1.
  1.  1.  1.  1.  1.  1.  1.  1.  1.  1.  1.  1. -1. -1. -1. -1. -1. -1.
 -1. -1. -1. -1. -1. -1. -1. -1. -1. -1. -1. -1.]
<NDArray 300 @cpu(0)>
Metric. Data id =  0  Time:  1091.82337809
Metric. Data id =  50000  Time:  1143.81419396

[-4.50792551 -3.18864727 -3.3671813  -3.26079106 -3.4397676  -3.69238138
 -3.9464581  -3.79479909 -4.59836769 -5.11274338 -5.09222317 -4.82212734
 -5.0719223  -5.34798241 -4.63278961 -4.2870388  -3.99994421 -4.26426029
 -4.13481951 -4.13904953 -3.67693329 -4.02090597 -4.46549463 -4.31586075
 -4.14600897 -4.70605707 -4.63122368 -5.28088665 -5.07098341 -4.69634438
 -5.16324139 -4.90997696 -4.84800243 -4.26004267 -4.34476805 -4.48424196
 -4.49585342 -4.4620223  -4.45969486 -4.2167387  -4.68629074 -4.49664593
 -5.12432194 -4.58414793 -4.77999258 -4.86047077 -4.53569317 -4.64261866
 -4.75470924 -4.65502119 -5.21877241 -4.5200181  -4.45171976 -3.98247194
 -4.53018188 -4.73750973 -5.10415268 -4.3356576  -3.73949265 -4.03289795
 -3.48764634 -3.19381952 -3.52223778 -3.23234749 -3.52991629 -3.53530073
 -4.02578259 -3.60927725 -3.79924703 -3.51593351 -3.67617679 -4.38050556
 -4.05868864 -4.45233154 -4.45271635 -4.36385584 -4.26554585 -4.5594449
 -4.24509048 -4.36268663 -4.66312551 -4.47016144 -4.35411596 -4.26626205
 -4.24497795 -4.18419361 -4.47906208 -4.27248764 -4.30601978 -3.85710526
 -3.75921559 -3.02980661 -2.95559645 -2.56522036 -2.77494073 -2.15666127
 -1.88387597 -1.91099429 -1.87087727 -1.82884204 -1.46256614 -1.41205823
 -1.48978555 -1.5228231  -1.46728742 -1.40366936 -1.64675534 -1.41437125
 -1.24370646 -1.50026834 -1.33945072 -1.46983683 -1.76534545 -1.78928876
 -1.7084465  -2.50481486 -2.19611478 -3.03301358 -2.97604847 -3.37895775
 -3.51104903 -3.21022892 -3.65453649 -3.55642486 -3.90038013 -4.1619072
 -3.86829281 -4.13664341 -4.09961653 -4.06587219 -4.05856133 -3.88764334
 -4.24797583 -4.39886618 -4.2844491  -4.49846077 -4.45249414 -4.52048969
 -4.9499259  -4.6495595  -4.79854155 -4.58527565 -4.55240154 -5.23845577
 -5.30841017 -4.8959856  -4.50074911 -4.47280979 -4.19037104 -4.06671095
 -3.75445127 -3.51226258 -3.84855223 -3.97114635 -4.55192852 -3.62645864
 -4.12684965 -4.15534782 -3.76984596 -4.01794767 -4.40016985 -4.36309814
 -4.42987823 -5.2944417  -4.59209633 -5.37719631 -5.76476479 -5.90817881
 -6.55194426 -6.57622528 -6.49688625 -6.84820938 -6.05109072 -5.92401791
 -6.13592672 -5.60181379 -5.83667994 -5.4411602  -5.67647839 -5.39155817
 -5.87005806 -5.13988256 -5.30698681 -5.23458147 -5.26943779 -5.16339874
 -5.24837971 -4.78595829 -5.28086138 -5.3120451  -5.70003843 -5.23848438
 -4.78468895 -5.11992598 -5.06929064 -5.03653574 -4.61055851 -4.3355794
 -4.35452938 -4.51329613 -4.85116005 -4.92619848 -4.63055897 -4.7957263
 -4.5600934  -3.9900105  -4.48907089 -4.58569145 -4.71781301 -4.68692875
 -4.48260355 -4.96357584 -4.88078165 -5.24233389 -4.7119031  -5.04738092
 -5.30069733 -4.43900871 -4.00574398 -3.99850798 -4.92175531 -4.53819704
 -4.78858805 -4.76452541 -4.76936483 -4.4946847  -5.38124895 -5.7458005
 -5.08380604 -5.42791605 -5.35230064 -5.53908587 -5.50596428 -5.79195738
 -6.16197395 -5.57870436 -5.84866381 -5.00378656 -5.27653599 -4.87175703
 -5.46149731 -5.36409855 -5.3592124  -5.6137042  -5.52587175 -5.52169371
 -5.75576973 -6.29069996 -6.40789557 -6.16191196 -5.77981806 -5.53519297
 -6.12777328 -5.31696844 -5.21729374 -5.46369314 -5.03152895 -4.8044672
 -4.71042824 -4.40893745 -4.46916819 -4.94384909 -4.65150738 -4.95296144
 -4.93182898 -5.70023966 -5.90537596 -5.9080286  -6.4284606  -6.30453682
 -5.97740316 -5.75749636 -6.03872728 -6.0634141  -6.35079908 -6.51055861
 -5.33020353 -6.0259614  -5.99820423 -5.77594233 -5.67350101 -5.41968584
 -5.03023529 -5.20602179 -5.19936657 -4.96689892 -4.92513752 -4.58410263
 -4.75886869 -5.40387154 -5.81622791 -4.51398754 -4.41725349 -4.0772357
 -4.29589701 -3.95955515 -3.94940019 -3.98191309 -3.9188478  -3.74587393]
<NDArray 300 @cpu(0)>

[-1. -1. -1. -1. -1. -1. -1. -1. -1. -1. -1. -1. -1. -1. -1. -1. -1. -1.
 -1. -1. -1. -1. -1. -1. -1. -1. -1. -1. -1. -1. -1. -1. -1. -1. -1. -1.
 -1. -1. -1. -1. -1. -1. -1. -1. -1. -1. -1. -1. -1. -1. -1. -1. -1. -1.
 -1. -1. -1. -1. -1. -1. -1. -1. -1. -1. -1. -1. -1. -1. -1. -1. -1. -1.
 -1. -1. -1. -1. -1. -1. -1. -1. -1. -1. -1. -1. -1. -1. -1. -1. -1. -1.
 -1. -1. -1. -1. -1. -1. -1. -1. -1. -1. -1. -1. -1. -1. -1. -1. -1. -1.
 -1. -1. -1. -1. -1. -1. -1. -1. -1. -1. -1. -1. -1. -1. -1. -1. -1. -1.
 -1. -1. -1. -1. -1. -1. -1. -1. -1. -1. -1. -1. -1. -1. -1. -1. -1. -1.
 -1. -1. -1. -1. -1. -1. -1. -1. -1. -1. -1. -1. -1. -1. -1. -1. -1. -1.
 -1. -1. -1. -1. -1. -1. -1. -1. -1. -1. -1. -1. -1. -1. -1. -1. -1. -1.
 -1. -1. -1. -1. -1. -1. -1. -1. -1. -1. -1. -1. -1. -1. -1. -1. -1. -1.
 -1. -1. -1. -1. -1. -1. -1. -1. -1. -1. -1. -1. -1. -1. -1. -1. -1. -1.
 -1. -1. -1. -1. -1. -1. -1. -1. -1. -1. -1. -1. -1. -1. -1. -1. -1. -1.
 -1. -1. -1. -1. -1. -1. -1. -1. -1. -1. -1. -1. -1. -1. -1. -1. -1. -1.
 -1. -1. -1. -1. -1. -1. -1. -1. -1. -1. -1. -1. -1. -1. -1. -1. -1. -1.
 -1. -1. -1. -1. -1. -1. -1. -1. -1. -1. -1. -1. -1. -1. -1. -1. -1. -1.
 -1. -1. -1. -1. -1. -1. -1. -1. -1. -1. -1. -1.]
<NDArray 300 @cpu(0)>
Metric. Data id =  0  Time:  1181.47476196
Metric. Data id =  50000  Time:  1234.72996497
Metric. Data id =  100000  Time:  1289.10562611
Metric. Data id =  150000  Time:  1341.78299904
Epoch 1. Loss: 0.0284728463359, Train_acc 0.988467626227, Test_acc 0.988106049441
Data id =  0  Time:  1369.64688706
Data id =  50000  Time:  1477.22117805
Data id =  100000  Time:  1584.51372194
Data id =  150000  Time:  1691.98314714

[ -3.38892865  -2.89228606  -2.76511574  -2.74201274  -2.26543975
  -2.29024768  -2.96583128  -2.16813612  -3.8757534   -3.40499854
  -3.15269995  -4.82045889  -3.20046663  -3.98487306  -3.9634552
  -2.68899488  -1.10637259  -0.41159523   2.87799907   3.97475052
   4.7915616    6.689713     6.13298368   7.17400885   8.12065697
   8.83467579  10.59367943  10.8678484   10.40384579  12.20453453
  12.02000427  11.47227097  10.74052906  11.52170563  12.39647293
  10.26222134  12.62251568  12.95069218  12.07510185  12.71084213
  11.21049023  11.86671066  11.95426655  10.47351551  11.41335678
   9.16414642   8.13748932   6.89613771   5.81409502   3.81171227
   2.36809826   1.06480515   0.30550638   0.10871669  -0.71133155
  -0.81253147  -1.09844768  -0.81044304  -1.88404429  -2.17072582
  -2.21421003  -4.87674999  -2.72552252  -5.27575207  -3.96081781
  -4.22706699  -3.84469032  -3.96394801  -3.77381086  -4.16433144
  -3.94995546  -5.73808479  -4.76107025  -4.10138416  -5.04807138
  -3.04829216  -3.30392432  -1.94767833  -2.78905559  -2.24906468
  -3.55787039  -4.04101324  -3.24697399  -5.74567175  -4.82535982
  -4.9744153   -4.68784237  -3.9407208   -4.61838913  -3.4705646
  -3.32837176  -3.26107097  -3.13422203  -3.12025356  -2.74436212
  -2.61315298  -1.32243657  -2.18914175  -2.00088239  -1.79763186
  -1.13659799  -2.46503925  -2.89292741  -3.81377316  -3.37266445
  -3.17595649  -4.42012262  -3.71774077  -4.35238361  -4.10359621
  -4.91368628  -4.05611944  -5.08527565  -7.03454208  -4.94960356
  -6.90424585  -4.24216413  -5.8159647   -5.71508121  -4.83331728
  -2.93618894  -2.65680695  -1.40552032   3.06956267   2.13367915
   3.31551456   5.12403345   5.31037331   7.98484802   7.63399458
   7.6933856    6.09851027   9.31396389   6.88983679   8.6584425
   8.78784847   7.94796085   7.00522137   8.79916477   8.00102901
   8.64720345   7.02123308   8.06983471   8.02503109   7.33904982
   9.43080235   6.81788111   5.79301882   5.92438936   5.98165894
   5.79246235   5.17949772   6.19889164   5.98784685   6.15171242
   4.40371943   5.71952581   5.49379492   7.20074177   8.68369579
   6.92810535   7.34306335   7.66366959   7.92065859   8.56556892
   8.6062727    8.75356865  11.08656216  10.02161217  10.1196003
  10.27334499   9.60208702  11.86225224   7.89327574   8.93143845
  10.15587521   9.22884464   7.12853909   7.76017094   5.32816458
   5.0455718    3.53126192   2.45003414   0.30915892  -0.44058904
  -1.50636637  -1.9736768   -2.233778    -2.49755025  -1.71147084
  -1.26621091  -0.71856833  -0.81925905  -2.00487638  -1.76518941
  -2.13597345  -3.98971581  -4.32243776  -4.59952736  -4.19506168
  -4.30976534  -5.0510993   -3.67245126  -3.02492666  -4.04811144
  -4.90513039  -3.04504514  -3.91124463  -3.28064251  -2.64536667
  -1.83153248  -3.75578141  -4.34562588  -4.47654772  -3.78469419
  -4.33482933  -4.68853998  -4.18536329  -4.4815135   -3.7752912
  -3.96558976  -2.84190321  -2.50975943  -1.11552131  -0.05893868
   2.65974927   3.59114075   4.6508522    5.64390802   5.41102743
   7.53385448   8.38611698  10.77827835  10.09320831  12.23146152
  11.78160572  12.33188248  12.05955315  11.54633904   8.58403015
  10.83605766   8.20464134   8.40589333  10.06346416   8.8962698
   8.44596767   7.91704226   5.84534645   8.17248726   7.71735573
   5.96869421   5.90496969   7.60374832   5.84747219   6.76279497
   5.36678123   4.98588705   5.25605297   5.15301704   5.22830582
   5.43869591   6.03809357   4.62847948   4.10325527   4.24147654
   4.53979635   6.07265091   4.81076574   6.46657991   5.61423206
   5.72670174   4.75135279   5.8134532    4.91910934   4.81925869
   4.94610119   5.85102749   4.95956564   4.11012173   3.32576919
   2.28527808   1.19481277  -0.28413945  -0.518004    -1.58177221
  -2.07156157  -2.66395664  -2.72989941  -4.15137243  -3.55715442
  -5.46850729  -5.71383524  -6.22864628  -5.35725021  -5.89645767
  -5.59127283  -5.33993673  -4.96954012  -4.66586447  -5.54669809]
<NDArray 300 @cpu(0)>

[-1. -1. -1. -1. -1. -1. -1. -1. -1. -1. -1. -1. -1. -1. -1. -1. -1. -1.
  1.  1.  1.  1.  1.  1.  1.  1.  1.  1.  1.  1.  1.  1.  1.  1.  1.  1.
  1.  1.  1.  1.  1.  1.  1.  1.  1.  1.  1.  1.  1.  1.  1.  1.  1. -1.
 -1. -1. -1. -1. -1. -1. -1. -1. -1. -1. -1. -1. -1. -1. -1. -1. -1. -1.
 -1. -1. -1. -1. -1. -1. -1. -1. -1. -1. -1. -1. -1. -1. -1. -1. -1. -1.
 -1. -1. -1. -1. -1. -1. -1. -1. -1. -1. -1. -1. -1. -1. -1. -1. -1. -1.
 -1. -1. -1. -1. -1. -1. -1. -1. -1. -1. -1. -1. -1. -1. -1.  1.  1.  1.
  1.  1.  1.  1.  1.  1.  1.  1.  1.  1.  1.  1.  1.  1.  1.  1.  1.  1.
  1.  1.  1.  1.  1.  1.  1.  1.  1.  1.  1.  1.  1.  1.  1.  1.  1.  1.
  1.  1.  1.  1.  1.  1.  1.  1.  1.  1.  1.  1.  1.  1.  1.  1.  1.  1.
  1.  1.  1.  1. -1. -1. -1. -1. -1. -1. -1.  1. -1. -1. -1. -1. -1. -1.
 -1. -1. -1. -1. -1. -1. -1. -1. -1. -1. -1. -1. -1. -1. -1. -1. -1. -1.
 -1. -1. -1. -1. -1. -1. -1. -1. -1.  1.  1.  1.  1.  1.  1.  1.  1.  1.
  1.  1.  1.  1.  1.  1.  1.  1.  1.  1.  1.  1.  1.  1.  1.  1.  1.  1.
  1.  1.  1.  1.  1.  1.  1.  1.  1.  1.  1.  1.  1.  1.  1.  1.  1.  1.
  1.  1.  1.  1.  1.  1.  1.  1.  1.  1.  1.  1. -1. -1. -1. -1. -1. -1.
 -1. -1. -1. -1. -1. -1. -1. -1. -1. -1. -1. -1.]
<NDArray 300 @cpu(0)>
Metric. Data id =  0  Time:  1747.51747298
Metric. Data id =  50000  Time:  1808.28942299

[-3.99933386 -3.87256026 -4.30332708 -4.28388119 -4.2909441  -4.67169189
 -4.86701393 -4.67670822 -5.47412252 -6.2878437  -5.75903988 -5.51597357
 -6.00200796 -6.25551558 -5.47655582 -4.94397116 -4.71423197 -4.87076998
 -4.44163847 -4.58039951 -4.10759783 -4.41542435 -4.97068405 -4.81475878
 -4.40264654 -5.02180386 -5.34640455 -5.79260206 -5.85965633 -5.759583
 -6.07616234 -5.87723637 -5.58204031 -5.31887579 -5.38153267 -5.4844799
 -5.68923521 -5.70597506 -5.37740707 -5.33874989 -5.41879177 -5.44361115
 -6.0599122  -5.48940659 -5.53997087 -5.60336113 -5.14654684 -5.26846886
 -5.23487186 -5.3543582  -5.9269104  -5.74139071 -5.37530088 -4.86715984
 -5.21175241 -5.15298223 -5.71232414 -4.70332623 -4.18214989 -4.50698757
 -3.94688368 -3.57493854 -3.86570501 -3.53767371 -3.95850801 -3.8112185
 -4.40099573 -4.04533577 -4.0295682  -3.62469697 -3.99488711 -4.3785882
 -4.34984016 -4.57377291 -4.47186756 -4.72267485 -4.61755848 -4.9749794
 -4.85434484 -5.10689259 -5.18015337 -5.33448124 -5.11055851 -4.78973961
 -4.77336168 -5.06098223 -5.07531404 -5.01992178 -4.92287827 -4.43436193
 -4.49734306 -3.5354383  -3.42730975 -2.97564673 -2.97330284 -2.45446372
 -2.23396897 -1.9673959  -1.79314232 -1.73587334 -1.35973525 -1.43521106
 -1.60079265 -1.75636172 -1.7328465  -1.64109516 -1.74506307 -1.50607359
 -1.35825932 -1.76874352 -1.54129946 -1.66485202 -1.95451915 -2.14511967
 -1.86162603 -2.53185368 -2.38883066 -3.14823961 -3.29442859 -3.72632051
 -3.82718086 -3.67625785 -4.12806129 -4.053195   -4.40514469 -4.71977854
 -4.84081268 -4.90194702 -4.81842327 -4.80535936 -4.85566044 -4.64975452
 -4.98818064 -4.90390348 -4.91942883 -5.051229   -5.15866899 -5.04828072
 -5.68773365 -5.56184673 -5.6106205  -6.02405643 -5.89054632 -6.57565022
 -6.57362509 -6.32126427 -5.76106119 -5.53836536 -5.16250944 -4.90116215
 -4.51058197 -4.28134346 -4.8054595  -5.03000593 -5.48855162 -4.71306515
 -5.08856964 -4.81311893 -4.56929779 -4.62520552 -4.93395805 -5.13629723
 -5.06990623 -5.96601391 -5.23103237 -6.22906733 -6.39247417 -6.92767477
 -7.39340687 -7.24688864 -7.23406696 -7.58951664 -6.91720629 -6.62576818
 -6.8830595  -6.62124395 -6.51273632 -6.26156139 -6.5942111  -6.46137905
 -6.61331749 -5.95444489 -5.93303394 -6.03906727 -5.94835472 -5.79673386
 -5.82551289 -5.3158741  -6.04312134 -6.04427958 -6.84494257 -6.05390263
 -5.28647852 -5.86738968 -5.58538485 -5.79676819 -5.07264805 -4.84963751
 -4.68205023 -4.82609844 -5.13759613 -5.15051746 -4.84285975 -5.37027788
 -4.91360664 -4.70883036 -4.92975712 -5.13777447 -5.30716515 -5.20675373
 -5.01023436 -5.46431398 -5.0783639  -5.49335289 -4.99850988 -5.37939596
 -5.50943851 -4.82822227 -4.57732725 -4.36346722 -5.18125343 -4.91972256
 -5.13678074 -5.05380726 -5.18401194 -4.70538473 -5.46293688 -6.10766745
 -5.49027061 -6.10955811 -5.68783569 -6.13226128 -6.26011324 -6.29654741
 -6.67065907 -6.11597443 -6.45679426 -5.71335888 -6.07179022 -5.86739159
 -6.38380575 -6.13926268 -6.12589169 -6.52434063 -6.36601782 -6.61566496
 -6.76884604 -7.15016508 -7.1955328  -7.23921967 -6.58104372 -6.40824604
 -6.69421196 -6.01149797 -5.65652561 -5.99668026 -5.30430174 -5.2398262
 -5.19031477 -4.92927456 -4.95931339 -5.34993553 -5.19417906 -5.36036348
 -5.51117373 -6.20355701 -6.58716059 -6.7788825  -7.25450897 -7.00783682
 -6.61808681 -6.5645318  -6.67532396 -6.61736917 -7.01918507 -7.33582211
 -6.02809525 -6.66732359 -6.7708087  -6.26737833 -6.09341335 -5.50190401
 -5.16086721 -5.49403191 -5.75275183 -5.42588806 -5.36191511 -5.15923786
 -5.06802177 -6.03699017 -6.33408737 -5.05518103 -4.79623795 -4.57091331
 -4.91301489 -4.32377768 -4.20184422 -4.32463932 -4.38861895 -4.25319433]
<NDArray 300 @cpu(0)>

[-1. -1. -1. -1. -1. -1. -1. -1. -1. -1. -1. -1. -1. -1. -1. -1. -1. -1.
 -1. -1. -1. -1. -1. -1. -1. -1. -1. -1. -1. -1. -1. -1. -1. -1. -1. -1.
 -1. -1. -1. -1. -1. -1. -1. -1. -1. -1. -1. -1. -1. -1. -1. -1. -1. -1.
 -1. -1. -1. -1. -1. -1. -1. -1. -1. -1. -1. -1. -1. -1. -1. -1. -1. -1.
 -1. -1. -1. -1. -1. -1. -1. -1. -1. -1. -1. -1. -1. -1. -1. -1. -1. -1.
 -1. -1. -1. -1. -1. -1. -1. -1. -1. -1. -1. -1. -1. -1. -1. -1. -1. -1.
 -1. -1. -1. -1. -1. -1. -1. -1. -1. -1. -1. -1. -1. -1. -1. -1. -1. -1.
 -1. -1. -1. -1. -1. -1. -1. -1. -1. -1. -1. -1. -1. -1. -1. -1. -1. -1.
 -1. -1. -1. -1. -1. -1. -1. -1. -1. -1. -1. -1. -1. -1. -1. -1. -1. -1.
 -1. -1. -1. -1. -1. -1. -1. -1. -1. -1. -1. -1. -1. -1. -1. -1. -1. -1.
 -1. -1. -1. -1. -1. -1. -1. -1. -1. -1. -1. -1. -1. -1. -1. -1. -1. -1.
 -1. -1. -1. -1. -1. -1. -1. -1. -1. -1. -1. -1. -1. -1. -1. -1. -1. -1.
 -1. -1. -1. -1. -1. -1. -1. -1. -1. -1. -1. -1. -1. -1. -1. -1. -1. -1.
 -1. -1. -1. -1. -1. -1. -1. -1. -1. -1. -1. -1. -1. -1. -1. -1. -1. -1.
 -1. -1. -1. -1. -1. -1. -1. -1. -1. -1. -1. -1. -1. -1. -1. -1. -1. -1.
 -1. -1. -1. -1. -1. -1. -1. -1. -1. -1. -1. -1. -1. -1. -1. -1. -1. -1.
 -1. -1. -1. -1. -1. -1. -1. -1. -1. -1. -1. -1.]
<NDArray 300 @cpu(0)>
Metric. Data id =  0  Time:  1850.59885001
Metric. Data id =  50000  Time:  1910.52958608
Metric. Data id =  100000  Time:  1973.64948916
Metric. Data id =  150000  Time:  2036.81077003
Epoch 2. Loss: 0.0247311215686, Train_acc 0.989751175727, Test_acc 0.989362436133
Time preparing net:  2069.20198512
