Time load data:  9.74638199806

Preparing the network
Activation function in hidden layer 1: tanh
Activation function in hidden layer 2: sigmoid
Loss function: SquaredHingeLoss
Learning rate: 0.05

Time preparing net:  3.08068704605
Data id =  0  Time:  0.642612934113
Data id =  50000  Time:  113.883878946
Data id =  100000  Time:  227.855888128
Data id =  150000  Time:  340.855989933

[-1.49708104 -1.42676544 -0.80116367 -1.34337115 -1.11055815 -1.54098237
 -1.70933342 -1.3053205  -1.24032009 -1.91651821 -1.36662054 -1.46790826
 -1.13874912 -1.30183566 -1.54800689 -0.87414384 -0.29088721  0.31578374
  0.98483342  1.76699138  2.11826825  2.56826782  2.55058646  2.68177652
  3.33556771  3.77232599  3.84714651  4.42345905  4.4411521   4.47204733
  4.80433702  4.7426281   4.51983738  4.71393633  5.00378466  4.80996847
  5.00475264  4.97898483  4.97817564  4.76264668  4.49851131  3.97139382
  4.65047359  4.42342472  4.48047638  3.82148743  3.7910285   3.23048806
  2.41293001  1.91499162  1.4782151   0.58843184  0.04484134  0.11377978
  0.02854046 -0.4934735  -0.54468024 -0.56077874 -0.87452418 -1.09489095
 -1.75829136 -2.30730486 -1.64886665 -2.24887466 -1.71495056 -2.56377625
 -2.4854753  -2.48666334 -2.16468668 -2.02274847 -2.13050914 -2.35436106
 -2.42022276 -1.50794518 -1.65504909 -2.02297139 -1.74969268 -1.42715943
 -1.30238271 -1.37645924 -1.47570121 -1.55506063 -1.66897249 -2.38471365
 -2.41801357 -2.43104291 -2.3819766  -2.39739847 -2.10068941 -1.54325974
 -1.61194503 -1.5853982  -1.15226066 -1.38436377 -1.36265934 -1.13815212
 -0.88811022 -0.83647132 -0.68963772 -0.81106985 -0.74228305 -0.97707009
 -0.8062827  -0.95616668 -0.77676117 -1.15258408 -1.80951667 -1.51453829
 -1.60331881 -2.10981464 -1.61561549 -1.95665073 -2.34869409 -2.66528797
 -2.33487225 -2.67607641 -2.35022044 -1.87774813 -1.89352906 -1.49733639
 -1.05980754 -1.10381842 -0.34615642  0.76938874  1.6340766   1.84841955
  2.6843946   3.03589106  3.00304747  3.41860318  3.54997706  3.1007688
  4.00596094  3.65690017  4.1064229   3.76832843  3.8365941   3.56627941
  3.74748683  3.26801538  3.89587045  3.44136333  3.54804873  3.90009332
  3.48959923  2.95197439  2.957937    2.66772914  2.44929743  2.36573601
  2.2531848   2.64256239  2.25356412  2.24741197  2.23271775  2.44643879
  2.30081224  2.87117243  3.13431716  3.20900607  3.76174307  3.54744625
  3.65532684  3.97067404  3.7828455   3.83849478  3.85893893  4.33716726
  4.10934067  4.12658978  3.69120479  3.72186708  4.04216242  3.2042563
  3.49864841  2.79048705  2.93501186  2.7807672   2.35133386  2.07044101
  1.68953371  1.55410588  0.9388743   0.2553679   0.07860838 -0.76677972
 -0.84352541 -1.08286309 -1.21821487 -1.16538286 -1.38306105 -1.26653528
 -1.10678077 -1.54586577 -1.55448043 -1.72251582 -1.4556284  -1.6407814
 -1.70281804 -1.76694214 -2.18692756 -2.07581735 -2.4546535  -2.03739142
 -2.13146996 -2.70659709 -2.36490417 -1.98346615 -1.86365759 -1.92327106
 -2.02179694 -2.20692825 -1.94291699 -2.03270125 -2.07899857 -1.82795835
 -1.851017   -1.7082305  -1.48471785 -1.15191627 -0.85975558 -0.8989296
 -0.55699724 -0.54729444  0.15745257  1.76933169  2.5680356   2.85318112
  2.79164171  3.12122583  3.81443262  4.22683716  5.28866386  5.09870148
  5.23781633  5.15049362  5.34154701  5.58161831  5.23233271  4.59465885
  4.94006872  4.32224035  4.23838568  4.32093382  4.39764547  3.10071468
  4.02876425  3.41329336  3.41444016  3.37125492  3.31217027  3.28558612
  3.08771515  2.46647143  2.73947144  2.70909095  2.55833459  2.24896002
  2.42479086  1.80159509  2.61613846  1.98361921  1.58975732  1.59261084
  1.5079217   1.63433099  1.60516787  1.75635815  1.71610951  2.03947854
  2.17928839  2.16860175  1.87203693  1.97017658  1.96102905  1.99794698
  1.87342036  1.3621732   0.860515    1.07579851  0.72138673  0.42493725
 -0.01592253 -0.42345122 -0.51570433 -0.70133108 -0.83566189 -1.00270927
 -0.96209788 -1.35219729 -1.41320753 -1.61023986 -2.05181074 -1.94615006
 -2.04179311 -1.9808687  -1.82953215 -2.0149622  -1.45836282 -1.6367923 ]
<NDArray 300 @cpu(0)>

[-1. -1. -1. -1. -1. -1. -1. -1. -1. -1. -1. -1. -1. -1. -1. -1. -1. -1.
  1.  1.  1.  1.  1.  1.  1.  1.  1.  1.  1.  1.  1.  1.  1.  1.  1.  1.
  1.  1.  1.  1.  1.  1.  1.  1.  1.  1.  1.  1.  1.  1.  1.  1.  1. -1.
 -1. -1. -1. -1. -1. -1. -1. -1. -1. -1. -1. -1. -1. -1. -1. -1. -1. -1.
 -1. -1. -1. -1. -1. -1. -1. -1. -1. -1. -1. -1. -1. -1. -1. -1. -1. -1.
 -1. -1. -1. -1. -1. -1. -1. -1. -1. -1. -1. -1. -1. -1. -1. -1. -1. -1.
 -1. -1. -1. -1. -1. -1. -1. -1. -1. -1. -1. -1. -1. -1. -1.  1.  1.  1.
  1.  1.  1.  1.  1.  1.  1.  1.  1.  1.  1.  1.  1.  1.  1.  1.  1.  1.
  1.  1.  1.  1.  1.  1.  1.  1.  1.  1.  1.  1.  1.  1.  1.  1.  1.  1.
  1.  1.  1.  1.  1.  1.  1.  1.  1.  1.  1.  1.  1.  1.  1.  1.  1.  1.
  1.  1.  1.  1. -1. -1. -1. -1. -1. -1. -1.  1. -1. -1. -1. -1. -1. -1.
 -1. -1. -1. -1. -1. -1. -1. -1. -1. -1. -1. -1. -1. -1. -1. -1. -1. -1.
 -1. -1. -1. -1. -1. -1. -1. -1. -1.  1.  1.  1.  1.  1.  1.  1.  1.  1.
  1.  1.  1.  1.  1.  1.  1.  1.  1.  1.  1.  1.  1.  1.  1.  1.  1.  1.
  1.  1.  1.  1.  1.  1.  1.  1.  1.  1.  1.  1.  1.  1.  1.  1.  1.  1.
  1.  1.  1.  1.  1.  1.  1.  1.  1.  1.  1.  1. -1. -1. -1. -1. -1. -1.
 -1. -1. -1. -1. -1. -1. -1. -1. -1. -1. -1. -1.]
<NDArray 300 @cpu(0)>
Metric. Data id =  0  Time:  401.773154974
Metric. Data id =  50000  Time:  452.32982111

[-3.00144863 -1.45017469 -1.39489925 -1.44315398 -1.3848567  -1.49949753
 -1.52831733 -1.55571496 -1.74355364 -2.06682491 -2.01297712 -2.28889799
 -2.23004055 -2.27841663 -2.21985674 -1.96974576 -1.97847283 -2.1693573
 -2.08048749 -2.11887479 -2.01210332 -2.09860635 -2.16478801 -2.43457675
 -2.39027214 -2.4766643  -2.63324213 -2.61820436 -2.4767766  -2.57316399
 -2.73197198 -2.57878113 -2.60503292 -2.51833391 -2.36273599 -2.2383182
 -2.05649853 -2.2912643  -2.17210054 -2.0889225  -2.12479258 -1.87189198
 -2.06162953 -1.96187651 -1.94595158 -1.82783365 -2.05304122 -2.11348367
 -1.98975325 -2.09953237 -2.41074371 -2.34607911 -2.44018531 -2.53085303
 -2.73259926 -2.99981022 -3.3250761  -3.15715384 -2.9925487  -2.67383218
 -2.55918908 -2.41400218 -2.37036133 -2.57688427 -2.62021065 -2.2600193
 -2.25051665 -2.33673024 -2.14546132 -2.18171167 -2.26805305 -2.52878475
 -2.59613347 -2.53394318 -2.47286391 -2.37655878 -2.12338591 -2.40048838
 -2.38596058 -2.55468178 -2.5526154  -2.29384995 -2.16767263 -2.15021968
 -1.89549208 -1.93037987 -1.855479   -1.56403577 -1.48477435 -1.39850938
 -1.47801101 -1.12659645 -0.92984807 -0.94229299 -1.13144946 -0.88991058
 -0.93717545 -0.89516783 -0.82992649 -0.75662148 -0.66525382 -0.64848286
 -0.62197453 -0.68856949 -0.7236377  -0.88326764 -0.92087698 -0.80248952
 -0.84971684 -0.91670954 -1.03491116 -1.0193665  -1.18484557 -1.15650582
 -1.38118863 -1.4875071  -1.51270151 -1.61988294 -1.66057992 -1.77122748
 -1.73313642 -1.63067567 -2.02203465 -1.78853357 -2.03940678 -1.88401878
 -1.79829478 -1.93799973 -1.98183632 -1.91838598 -1.99064088 -1.78992438
 -1.69378757 -1.82883203 -1.94467926 -1.90262926 -1.9835968  -2.1999352
 -2.27089024 -2.13672757 -2.11818027 -2.25368309 -2.15982652 -2.15813828
 -2.43941712 -2.27623868 -2.24639201 -2.30546045 -2.36792827 -2.24027586
 -2.21679974 -2.13291454 -2.08019209 -2.19991541 -2.33153248 -2.27718234
 -2.42000389 -2.4427712  -2.14856672 -2.17342472 -2.32795691 -2.24091935
 -2.52581501 -2.70729637 -2.54739928 -2.59926009 -2.56772542 -2.95654821
 -2.92593932 -2.88304448 -2.9863565  -3.07598591 -2.91974187 -2.78376579
 -2.77998734 -2.91115355 -2.55145288 -2.5395124  -2.67944574 -2.52918935
 -2.50398064 -2.29681659 -2.35620856 -2.46435761 -2.57801795 -2.59347057
 -2.62009573 -2.88807631 -2.80081344 -2.81808686 -3.01271033 -2.92144513
 -2.61102009 -2.64187431 -2.60834742 -2.40512633 -2.31491327 -2.32109642
 -2.38013196 -2.36065292 -2.57429647 -2.69859719 -2.54337239 -2.59968162
 -2.57967615 -2.47088361 -2.64601707 -2.94895267 -2.77105284 -2.98913288
 -3.03930473 -2.95544314 -2.9453907  -2.95982838 -2.84873509 -2.66374135
 -3.05862927 -2.9090035  -2.81098795 -2.71333599 -2.72004247 -2.644346
 -3.05524254 -3.17683554 -2.82727551 -2.91747403 -3.08757186 -3.23001409
 -2.90275645 -2.45404053 -2.68307734 -2.67101312 -2.93463135 -2.95597577
 -2.93515539 -2.69088364 -2.7114327  -2.44959188 -2.28668547 -2.29012847
 -2.3284266  -2.30253696 -2.51281738 -2.74791527 -2.90100193 -2.73476911
 -3.17647648 -3.29297161 -3.4900291  -3.36209989 -3.55328512 -3.62602115
 -3.78399587 -3.05873537 -3.23585415 -2.9171257  -2.97937703 -2.72563195
 -2.82580137 -2.85997915 -2.85483837 -2.78652334 -2.68648815 -2.99451399
 -2.8985095  -3.12513208 -3.22798514 -3.34896064 -3.39427352 -3.41704774
 -3.14863849 -3.21335268 -3.21069121 -3.32054639 -3.38441682 -3.30432391
 -3.14149308 -3.1487298  -3.27092171 -3.10381341 -2.93859339 -2.93136406
 -3.0350275  -2.91963553 -2.78785872 -3.00181365 -2.77095652 -3.10462165
 -3.15888977 -3.08759379 -3.28507566 -3.19918442 -3.04549909 -3.02762628
 -3.10159278 -2.93285775 -2.59877658 -2.82712579 -2.65286851 -2.42990565]
<NDArray 300 @cpu(0)>

[-1. -1. -1. -1. -1. -1. -1. -1. -1. -1. -1. -1. -1. -1. -1. -1. -1. -1.
 -1. -1. -1. -1. -1. -1. -1. -1. -1. -1. -1. -1. -1. -1. -1. -1. -1. -1.
 -1. -1. -1. -1. -1. -1. -1. -1. -1. -1. -1. -1. -1. -1. -1. -1. -1. -1.
 -1. -1. -1. -1. -1. -1. -1. -1. -1. -1. -1. -1. -1. -1. -1. -1. -1. -1.
 -1. -1. -1. -1. -1. -1. -1. -1. -1. -1. -1. -1. -1. -1. -1. -1. -1. -1.
 -1. -1. -1. -1. -1. -1. -1. -1. -1. -1. -1. -1. -1. -1. -1. -1. -1. -1.
 -1. -1. -1. -1. -1. -1. -1. -1. -1. -1. -1. -1. -1. -1. -1. -1. -1. -1.
 -1. -1. -1. -1. -1. -1. -1. -1. -1. -1. -1. -1. -1. -1. -1. -1. -1. -1.
 -1. -1. -1. -1. -1. -1. -1. -1. -1. -1. -1. -1. -1. -1. -1. -1. -1. -1.
 -1. -1. -1. -1. -1. -1. -1. -1. -1. -1. -1. -1. -1. -1. -1. -1. -1. -1.
 -1. -1. -1. -1. -1. -1. -1. -1. -1. -1. -1. -1. -1. -1. -1. -1. -1. -1.
 -1. -1. -1. -1. -1. -1. -1. -1. -1. -1. -1. -1. -1. -1. -1. -1. -1. -1.
 -1. -1. -1. -1. -1. -1. -1. -1. -1. -1. -1. -1. -1. -1. -1. -1. -1. -1.
 -1. -1. -1. -1. -1. -1. -1. -1. -1. -1. -1. -1. -1. -1. -1. -1. -1. -1.
 -1. -1. -1. -1. -1. -1. -1. -1. -1. -1. -1. -1. -1. -1. -1. -1. -1. -1.
 -1. -1. -1. -1. -1. -1. -1. -1. -1. -1. -1. -1. -1. -1. -1. -1. -1. -1.
 -1. -1. -1. -1. -1. -1. -1. -1. -1. -1. -1. -1.]
<NDArray 300 @cpu(0)>
Metric. Data id =  0  Time:  489.538306952
Metric. Data id =  50000  Time:  541.623047113
Metric. Data id =  100000  Time:  601.034868002
Metric. Data id =  150000  Time:  657.453469038
Epoch 0. Loss: 0.0508975007676, Train_acc 0.984858065829, Test_acc 0.984540085888
Data id =  0  Time:  683.541278124
Data id =  50000  Time:  798.910618067
Data id =  100000  Time:  911.978158951
Data id =  150000  Time:  1026.36176705

[-1.52338433 -1.54771602 -0.95514816 -1.44446862 -1.23985362 -1.44452858
 -2.01475    -1.79505491 -1.75123715 -2.49518108 -1.75795794 -1.792557
 -1.44923592 -1.57589209 -1.7256577  -1.20421147 -0.67727083  0.22837925
  1.02670217  1.94500077  2.29503679  2.84063148  2.90253949  3.11562991
  3.90827823  4.39760399  4.69642735  5.33131647  5.50976467  5.45908117
  5.93783712  5.69221592  5.53569746  5.85668612  6.33589792  5.99157143
  6.17078304  6.49673939  6.10443735  6.14906168  5.39883804  4.38674068
  5.10972643  4.77361441  4.81324816  3.96009874  3.87104273  3.15038657
  2.41563725  1.74496329  1.33515859  0.63876337  0.08988877 -0.0657726
 -0.41754684 -0.83420515 -0.73850584 -0.76170844 -1.09389293 -1.41363192
 -1.97674382 -2.57043052 -1.92694366 -2.54530692 -1.95958388 -2.85890484
 -2.4659884  -2.58212471 -2.43107176 -2.46251774 -2.51696491 -2.66965127
 -2.83273244 -1.62661541 -1.70722246 -1.95874369 -1.92675436 -1.51714873
 -1.35259676 -1.41832066 -1.36088789 -1.53329325 -1.81101251 -2.44729948
 -2.51585793 -2.83868647 -2.69364429 -2.84298992 -2.53767252 -1.77199006
 -1.70503426 -1.97395265 -1.73790753 -1.54575694 -1.47226334 -1.44883358
 -1.08613539 -1.36938822 -1.12592697 -1.55527043 -1.57851791 -1.73030877
 -1.8069731  -1.90145826 -1.67786729 -1.72243488 -2.20636964 -1.90982747
 -1.84673238 -2.65874791 -2.35859203 -2.48072767 -3.10587406 -3.37130499
 -2.95609951 -3.2847023  -2.75459599 -2.48683476 -2.56099653 -2.069911
 -1.37235403 -1.53044105 -0.57826698  1.02931869  1.74045539  2.33663464
  3.40576601  3.28495669  3.34479403  3.53791952  3.72466636  3.17489624
  4.3494482   3.81209922  4.3394804   3.9555006   3.82764721  3.69072056
  4.0843215   3.65655732  4.20763636  3.95262337  3.99975872  4.62925529
  4.04837084  3.34572434  3.35253716  2.7918179   2.84638453  2.76051593
  2.58974981  3.0043385   2.59689426  2.71258783  2.86595559  2.80005407
  2.9393518   3.21454668  3.4313817   3.66289306  4.16133785  4.07646036
  4.09864759  4.57965422  4.41473532  4.55441952  4.36498976  5.0995183
  5.0325346   5.08836412  4.94795609  4.62813711  4.99371672  4.06797791
  4.26967192  3.99354362  3.83669949  3.62886691  3.3133297   2.76658082
  2.47945666  1.73391724  1.16999531  0.17975469  0.09969755 -0.49134904
 -0.76210231 -0.94008607 -1.32756019 -1.162099   -1.1073724  -0.77615058
 -0.94663501 -1.2919445  -1.44547641 -1.67334926 -1.5868994  -1.92158735
 -2.10598707 -1.99236    -2.17442131 -2.22443438 -2.37318492 -2.09387422
 -1.76391828 -2.74879742 -2.08260012 -1.8688519  -1.76685524 -1.91530693
 -1.86183643 -2.2119596  -2.11153388 -2.37520504 -2.56483579 -2.52332616
 -2.31486988 -2.32053947 -2.23819661 -1.82605326 -1.60130763 -1.2630142
 -0.99461418 -0.61733931 -0.01084212  1.60602891  2.67124653  3.17056251
  3.17447281  3.38429952  4.28663492  4.64566278  5.88218546  5.84486532
  6.3094759   5.96426821  6.21485519  6.58975697  6.11007166  5.32132435
  5.68854666  5.10826397  5.17132378  5.06271887  5.44587755  4.31551266
  4.90108585  4.20417023  4.29189062  4.36918259  3.91936231  3.96501875
  3.95036125  3.18407607  3.28643918  3.37945414  3.0876627   2.6802454
  2.83651662  2.37453723  3.09206867  2.61566806  2.4350996   2.48175216
  2.47431374  2.54450917  2.62254906  2.8783443   2.81260252  2.82021952
  3.13854122  2.83411026  2.80412173  2.97672367  2.75759315  2.6737864
  2.61289477  1.97577226  1.5137223   1.28353202  0.91683733  0.48094901
 -0.11071591 -0.53813845 -0.75917959 -0.96968186 -1.1636585  -1.67711651
 -1.52788055 -1.97326553 -2.33655858 -2.79794359 -2.66445994 -2.46693754
 -2.63517928 -2.54080653 -2.47229075 -2.56364298 -1.91753805 -2.16181946]
<NDArray 300 @cpu(0)>

[-1. -1. -1. -1. -1. -1. -1. -1. -1. -1. -1. -1. -1. -1. -1. -1. -1. -1.
  1.  1.  1.  1.  1.  1.  1.  1.  1.  1.  1.  1.  1.  1.  1.  1.  1.  1.
  1.  1.  1.  1.  1.  1.  1.  1.  1.  1.  1.  1.  1.  1.  1.  1.  1. -1.
 -1. -1. -1. -1. -1. -1. -1. -1. -1. -1. -1. -1. -1. -1. -1. -1. -1. -1.
 -1. -1. -1. -1. -1. -1. -1. -1. -1. -1. -1. -1. -1. -1. -1. -1. -1. -1.
 -1. -1. -1. -1. -1. -1. -1. -1. -1. -1. -1. -1. -1. -1. -1. -1. -1. -1.
 -1. -1. -1. -1. -1. -1. -1. -1. -1. -1. -1. -1. -1. -1. -1.  1.  1.  1.
  1.  1.  1.  1.  1.  1.  1.  1.  1.  1.  1.  1.  1.  1.  1.  1.  1.  1.
  1.  1.  1.  1.  1.  1.  1.  1.  1.  1.  1.  1.  1.  1.  1.  1.  1.  1.
  1.  1.  1.  1.  1.  1.  1.  1.  1.  1.  1.  1.  1.  1.  1.  1.  1.  1.
  1.  1.  1.  1. -1. -1. -1. -1. -1. -1. -1.  1. -1. -1. -1. -1. -1. -1.
 -1. -1. -1. -1. -1. -1. -1. -1. -1. -1. -1. -1. -1. -1. -1. -1. -1. -1.
 -1. -1. -1. -1. -1. -1. -1. -1. -1.  1.  1.  1.  1.  1.  1.  1.  1.  1.
  1.  1.  1.  1.  1.  1.  1.  1.  1.  1.  1.  1.  1.  1.  1.  1.  1.  1.
  1.  1.  1.  1.  1.  1.  1.  1.  1.  1.  1.  1.  1.  1.  1.  1.  1.  1.
  1.  1.  1.  1.  1.  1.  1.  1.  1.  1.  1.  1. -1. -1. -1. -1. -1. -1.
 -1. -1. -1. -1. -1. -1. -1. -1. -1. -1. -1. -1.]
<NDArray 300 @cpu(0)>
Metric. Data id =  0  Time:  1084.93408799
Metric. Data id =  50000  Time:  1144.30844402

[-3.10127807 -2.08832359 -1.95796502 -1.98442864 -2.05178523 -2.04056215
 -2.16642642 -2.2047894  -2.48713636 -2.99461436 -2.89749742 -2.83245015
 -2.8471272  -2.96452165 -2.80229688 -2.70417333 -2.55036116 -2.61137581
 -2.63828421 -2.78491116 -2.52263737 -2.73934221 -2.94865918 -2.97109246
 -2.99004006 -2.93687582 -3.19247913 -3.05005431 -2.87328863 -3.20151043
 -3.19037461 -3.2486701  -3.0732162  -3.08565617 -2.83348012 -3.05546761
 -2.89377832 -2.89442921 -2.66884971 -2.39150739 -2.49950838 -2.3483274
 -2.311203   -2.30284309 -2.33442426 -2.43004489 -2.59812117 -2.55571103
 -2.61001158 -2.64578819 -2.89449024 -2.83583832 -2.60238242 -2.88944554
 -3.12069201 -3.50655413 -3.68066216 -3.63232446 -3.61121202 -3.23218536
 -2.97627378 -2.689466   -2.49918413 -2.55245304 -2.71238041 -2.6390295
 -2.49550724 -2.65661645 -2.54603767 -2.52775908 -2.66902471 -2.89648795
 -2.91348767 -2.99643993 -2.86814737 -2.69465017 -2.53019142 -2.87344122
 -3.10940456 -3.27950287 -3.24495745 -3.04482794 -3.01985359 -2.67549396
 -2.63185406 -2.56774974 -2.24304342 -2.17238688 -2.08866215 -1.87150729
 -1.84364092 -1.57333183 -1.41505909 -1.28086793 -1.45193136 -1.07498205
 -1.17067468 -0.96289134 -1.10304153 -0.8863557  -0.75256157 -0.67213011
 -0.74375272 -0.79818392 -0.85272437 -0.94978577 -0.95843935 -0.89964169
 -0.7596997  -0.99585879 -1.11291325 -1.04859841 -1.23493814 -1.1742326
 -1.32822192 -1.54797363 -1.52237272 -1.7148937  -1.88547063 -2.1332252
 -2.06133437 -2.12505984 -2.38090134 -2.20332575 -2.5080905  -2.30469251
 -2.2550633  -2.45490694 -2.74676561 -2.37389421 -2.49889731 -2.37984014
 -2.59836268 -2.61172152 -2.6907742  -2.69403911 -2.81399345 -3.00461555
 -3.09453511 -3.06243992 -2.98975825 -3.05944037 -3.05777025 -3.01380062
 -3.15923452 -2.99557304 -3.03597283 -2.88532543 -2.83265615 -2.45409155
 -2.60140872 -2.44661927 -2.59021902 -2.44513583 -2.66752028 -2.48283935
 -2.57636499 -2.95009375 -2.70964313 -2.90194297 -2.93073559 -2.92428684
 -3.35647655 -3.51342797 -3.41140342 -3.46427989 -3.58048558 -4.15385914
 -3.93916869 -3.89639616 -3.74201703 -3.91176391 -3.86588192 -3.59834886
 -3.74422812 -3.55338168 -3.52328086 -3.29374242 -3.45471191 -3.51604009
 -3.59791636 -3.37269497 -3.35226345 -3.51840901 -3.37367344 -3.31706691
 -3.23997116 -3.48903012 -3.83747339 -3.81427026 -3.82014465 -3.52255154
 -3.64353561 -3.64849162 -3.50089264 -3.22339535 -3.05861712 -2.99030495
 -3.11396694 -3.04525518 -3.13675427 -3.26457381 -3.26347518 -3.40954518
 -3.19173479 -3.23404193 -3.28823304 -3.59143925 -3.2620914  -3.44558167
 -3.47217941 -3.46811414 -3.48862839 -3.48081183 -3.50026131 -3.47733188
 -3.46404386 -3.35492158 -3.25973678 -3.13737273 -3.34226274 -3.11336851
 -3.45729542 -3.45925856 -2.97217202 -2.97891331 -3.14142418 -3.225986
 -3.20554924 -2.82114577 -2.95896816 -3.19856572 -3.31761932 -3.30197597
 -3.38984418 -3.09259081 -3.11953282 -2.95630217 -3.05196786 -3.08335543
 -3.1176281  -3.19444132 -3.24100399 -3.54740214 -3.70542741 -3.63200092
 -4.07611704 -4.10511541 -4.28201675 -4.06850004 -4.42924595 -4.10421085
 -4.34377193 -3.63497972 -3.75603127 -3.26935291 -3.27488613 -3.24093485
 -3.26038837 -3.10986733 -3.34120941 -3.087888   -2.90926385 -3.12750626
 -3.02921247 -3.52490807 -3.58548594 -3.80518103 -3.96294498 -4.06945896
 -4.01306629 -4.00089788 -3.86743283 -3.92706776 -3.96855736 -4.16567326
 -3.91451883 -3.97806716 -4.06122112 -3.92161155 -3.56449747 -3.40542746
 -3.49261928 -3.54964018 -3.30664301 -3.47288895 -3.25906754 -3.56524873
 -3.66937923 -3.65312433 -3.95767474 -3.95478368 -3.67960835 -3.7433579
 -3.58896399 -3.44022274 -3.2322917  -3.39806271 -3.22440886 -3.09675813]
<NDArray 300 @cpu(0)>

[-1. -1. -1. -1. -1. -1. -1. -1. -1. -1. -1. -1. -1. -1. -1. -1. -1. -1.
 -1. -1. -1. -1. -1. -1. -1. -1. -1. -1. -1. -1. -1. -1. -1. -1. -1. -1.
 -1. -1. -1. -1. -1. -1. -1. -1. -1. -1. -1. -1. -1. -1. -1. -1. -1. -1.
 -1. -1. -1. -1. -1. -1. -1. -1. -1. -1. -1. -1. -1. -1. -1. -1. -1. -1.
 -1. -1. -1. -1. -1. -1. -1. -1. -1. -1. -1. -1. -1. -1. -1. -1. -1. -1.
 -1. -1. -1. -1. -1. -1. -1. -1. -1. -1. -1. -1. -1. -1. -1. -1. -1. -1.
 -1. -1. -1. -1. -1. -1. -1. -1. -1. -1. -1. -1. -1. -1. -1. -1. -1. -1.
 -1. -1. -1. -1. -1. -1. -1. -1. -1. -1. -1. -1. -1. -1. -1. -1. -1. -1.
 -1. -1. -1. -1. -1. -1. -1. -1. -1. -1. -1. -1. -1. -1. -1. -1. -1. -1.
 -1. -1. -1. -1. -1. -1. -1. -1. -1. -1. -1. -1. -1. -1. -1. -1. -1. -1.
 -1. -1. -1. -1. -1. -1. -1. -1. -1. -1. -1. -1. -1. -1. -1. -1. -1. -1.
 -1. -1. -1. -1. -1. -1. -1. -1. -1. -1. -1. -1. -1. -1. -1. -1. -1. -1.
 -1. -1. -1. -1. -1. -1. -1. -1. -1. -1. -1. -1. -1. -1. -1. -1. -1. -1.
 -1. -1. -1. -1. -1. -1. -1. -1. -1. -1. -1. -1. -1. -1. -1. -1. -1. -1.
 -1. -1. -1. -1. -1. -1. -1. -1. -1. -1. -1. -1. -1. -1. -1. -1. -1. -1.
 -1. -1. -1. -1. -1. -1. -1. -1. -1. -1. -1. -1. -1. -1. -1. -1. -1. -1.
 -1. -1. -1. -1. -1. -1. -1. -1. -1. -1. -1. -1.]
<NDArray 300 @cpu(0)>
Metric. Data id =  0  Time:  1187.43116903
Metric. Data id =  50000  Time:  1259.123137
Metric. Data id =  100000  Time:  1312.36217403
Metric. Data id =  150000  Time:  1367.884799
Epoch 1. Loss: 0.0352132502259, Train_acc 0.987476851984, Test_acc 0.987140098315
Data id =  0  Time:  1395.02483416
Data id =  50000  Time:  1505.29799294
Data id =  100000  Time:  1615.82839203
Data id =  150000  Time:  1725.77696705

[-1.82278717 -1.448681   -0.94841611 -1.34467876 -1.24182475 -1.45576799
 -2.04490018 -1.83081925 -1.74099755 -2.40859461 -2.03173208 -2.18148541
 -1.70140779 -1.67248011 -1.88365746 -1.42961073 -0.62791163 -0.1315169
  0.94136322  1.78867853  2.38531852  3.16184878  3.58975816  3.64142346
  4.69502544  5.02926779  5.44791889  6.21618509  6.44479465  6.67090225
  6.96247292  6.74023533  6.43848991  6.8748374   7.41357088  7.02749348
  7.23448372  7.28140593  6.66537046  6.49020052  5.72655869  4.90577841
  5.47157574  5.05161619  5.06011009  4.40449333  4.15180492  3.31238651
  2.72950578  2.00224757  1.36391449  0.78505462  0.203384   -0.20887795
 -0.36876878 -0.50460392 -0.51364928 -0.42696106 -0.83707666 -1.13220239
 -1.90965641 -2.51483178 -1.8339715  -2.61131334 -1.94164789 -2.97541308
 -2.34433031 -2.36247087 -2.32884979 -2.29131699 -2.18390894 -2.64434147
 -2.77910018 -1.42480528 -1.6425451  -1.73487854 -1.82919073 -1.34999645
 -1.18322253 -1.14581156 -1.14716077 -1.34360778 -1.61498666 -2.47798729
 -2.65632868 -2.9417026  -2.91972184 -2.91188979 -2.9201951  -2.08287835
 -1.74158335 -1.9195354  -1.75694025 -1.46860361 -1.38742316 -1.46268833
 -0.85357267 -1.29954505 -0.98660189 -1.28877759 -1.4039644  -1.72917199
 -1.92217016 -1.95369792 -1.75417507 -1.67882478 -2.2528789  -2.15733123
 -2.20757294 -2.77132583 -2.66080141 -2.58962345 -3.43965721 -3.76457429
 -3.15759373 -3.43127346 -3.11292171 -2.83414221 -3.07697558 -2.59018278
 -1.82347476 -1.64919424 -0.71300471  1.12150037  2.01825118  2.16392589
  3.42781472  3.25392485  3.56779408  3.93278861  3.9856782   3.3979044
  4.77779198  4.02769232  4.74274588  4.51201057  4.29609442  4.24495029
  4.86557293  4.45581961  4.90638161  4.44254446  4.52998257  5.01846933
  4.44173193  3.72215819  3.70305133  3.25186825  3.16287923  3.05160761
  2.72699142  2.89639997  2.54997659  2.57205129  2.87216568  2.84897447
  2.7642262   3.1581831   3.25691295  3.99202371  4.4821744   4.36202765
  4.38254452  4.7821312   4.72015524  4.82623196  4.79765844  5.74534369
  5.83722067  6.0187006   5.84276724  5.32632542  5.6024847   4.82116175
  5.14144897  4.89208651  4.64230108  4.51031971  3.83423829  3.38148332
  3.12247157  2.10776353  1.52425957  0.43772921  0.25403479 -0.46040961
 -0.99246264 -1.25690484 -1.56448448 -1.2976017  -1.24185836 -0.81804556
 -0.83272946 -1.41593039 -1.37622344 -1.84123182 -1.65970874 -2.0846138
 -2.37443686 -2.06637788 -2.32531548 -2.26929164 -2.34413075 -2.01608539
 -1.82372606 -2.74970293 -2.02867818 -1.73423803 -1.63035107 -1.74384832
 -1.66865492 -2.22266579 -2.09737802 -2.62623405 -2.4587779  -2.54789305
 -2.46582508 -2.71180248 -2.61988282 -2.4110415  -1.83860385 -1.58976138
 -1.28450108 -0.72627968 -0.12339295  1.5086484   2.68743706  3.28662777
  3.47141504  3.59346867  4.5368576   5.15484238  6.04872704  6.25463963
  6.71356106  6.32033157  6.44528532  6.96863413  6.66566658  5.79249859
  6.10493612  5.67516518  5.5902133   5.43184614  5.69975615  4.7712121
  5.3558526   4.69848824  4.65745878  4.5806098   4.33881283  4.35776377
  4.28838682  3.52905989  3.59251547  3.42749476  3.21256685  2.77893853
  3.07252622  2.54661608  3.45308518  3.24832797  2.9357028   2.76836896
  2.6919899   3.1049912   3.05560994  3.24885726  3.39540863  3.29978919
  3.6850481   3.3547256   3.35598135  3.42688704  3.26425362  3.33249474
  3.03051066  2.32998776  1.45082605  1.17788494  0.95080984  0.47154477
 -0.36089098 -0.76066965 -0.95259565 -1.09050405 -1.36788607 -1.7645278
 -1.6178329  -2.05879521 -2.47463465 -2.83030939 -2.81542969 -2.90402031
 -2.7769978  -2.70933676 -2.70329189 -2.82125354 -2.15849233 -2.49070835]
<NDArray 300 @cpu(0)>

[-1. -1. -1. -1. -1. -1. -1. -1. -1. -1. -1. -1. -1. -1. -1. -1. -1. -1.
  1.  1.  1.  1.  1.  1.  1.  1.  1.  1.  1.  1.  1.  1.  1.  1.  1.  1.
  1.  1.  1.  1.  1.  1.  1.  1.  1.  1.  1.  1.  1.  1.  1.  1.  1. -1.
 -1. -1. -1. -1. -1. -1. -1. -1. -1. -1. -1. -1. -1. -1. -1. -1. -1. -1.
 -1. -1. -1. -1. -1. -1. -1. -1. -1. -1. -1. -1. -1. -1. -1. -1. -1. -1.
 -1. -1. -1. -1. -1. -1. -1. -1. -1. -1. -1. -1. -1. -1. -1. -1. -1. -1.
 -1. -1. -1. -1. -1. -1. -1. -1. -1. -1. -1. -1. -1. -1. -1.  1.  1.  1.
  1.  1.  1.  1.  1.  1.  1.  1.  1.  1.  1.  1.  1.  1.  1.  1.  1.  1.
  1.  1.  1.  1.  1.  1.  1.  1.  1.  1.  1.  1.  1.  1.  1.  1.  1.  1.
  1.  1.  1.  1.  1.  1.  1.  1.  1.  1.  1.  1.  1.  1.  1.  1.  1.  1.
  1.  1.  1.  1. -1. -1. -1. -1. -1. -1. -1.  1. -1. -1. -1. -1. -1. -1.
 -1. -1. -1. -1. -1. -1. -1. -1. -1. -1. -1. -1. -1. -1. -1. -1. -1. -1.
 -1. -1. -1. -1. -1. -1. -1. -1. -1.  1.  1.  1.  1.  1.  1.  1.  1.  1.
  1.  1.  1.  1.  1.  1.  1.  1.  1.  1.  1.  1.  1.  1.  1.  1.  1.  1.
  1.  1.  1.  1.  1.  1.  1.  1.  1.  1.  1.  1.  1.  1.  1.  1.  1.  1.
  1.  1.  1.  1.  1.  1.  1.  1.  1.  1.  1.  1. -1. -1. -1. -1. -1. -1.
 -1. -1. -1. -1. -1. -1. -1. -1. -1. -1. -1. -1.]
<NDArray 300 @cpu(0)>
Metric. Data id =  0  Time:  1782.14317012
Metric. Data id =  50000  Time:  1835.16676998

[-3.05597544 -2.45578361 -2.4658196  -2.44535589 -2.51373076 -2.64282727
 -2.81328988 -2.70246673 -3.0947032  -3.64251161 -3.45691824 -3.50982094
 -3.54558349 -3.64216542 -3.59248328 -3.15581632 -2.94854641 -3.20680833
 -3.16893816 -3.23618126 -2.95964622 -2.97373128 -3.08792233 -2.99975038
 -3.04504251 -2.99795747 -3.32847166 -3.31649375 -3.12242317 -3.33525515
 -3.49615288 -3.39717269 -3.30747509 -3.18795538 -3.1753726  -3.31391954
 -3.2180953  -3.44850826 -3.13817358 -3.05992961 -2.96919274 -2.85703111
 -2.84753942 -2.56967235 -2.74797678 -2.48690581 -2.73991251 -2.87023401
 -2.89372993 -2.89632845 -3.38648033 -3.28353143 -2.94360709 -3.10742116
 -3.32737422 -3.37963629 -3.81237912 -3.86957073 -3.63786435 -3.44273186
 -3.15082002 -2.83651805 -2.61840582 -2.80713177 -2.89846063 -2.8064363
 -2.64495945 -2.82256556 -2.72716022 -2.72733188 -2.76301861 -3.18839765
 -3.27727675 -3.32715821 -3.25470114 -3.22921586 -3.00749969 -3.35699272
 -3.67302465 -3.59200311 -3.72623277 -3.60154223 -3.4863987  -3.21037626
 -2.98285794 -2.7321918  -2.96410823 -2.60871935 -2.60590768 -2.31277919
 -2.30035734 -1.94175029 -1.7725153  -1.55171359 -1.49956882 -1.18929291
 -1.03883839 -0.90536427 -0.85403562 -0.82594299 -0.67827034 -0.70345098
 -0.72822475 -0.71359676 -0.73442876 -0.71996105 -0.83385098 -0.91793334
 -0.99188161 -0.96912044 -1.00995517 -0.87234586 -1.10930538 -1.14801967
 -1.19221103 -1.41172636 -1.51809192 -1.83489048 -1.90209305 -2.40093613
 -2.21344638 -2.16213608 -2.28858566 -2.1432457  -2.50935674 -2.71231198
 -2.61028981 -2.69660044 -2.82295203 -2.48125958 -2.72232223 -2.56395841
 -2.68377495 -2.72947001 -2.86244082 -2.88174057 -2.87894726 -3.07487583
 -3.01707006 -3.08766484 -3.3059516  -3.57376409 -3.44260478 -3.53091216
 -3.54749918 -3.4756763  -3.62205219 -3.30763698 -3.24588466 -2.78302789
 -3.06614637 -2.90991616 -3.11712742 -3.06750131 -3.28857374 -2.97790933
 -3.12497807 -3.2071166  -3.19134951 -3.01417255 -2.95463443 -3.06520581
 -3.40489173 -3.62168264 -3.54346228 -3.68456149 -3.91059279 -4.43945694
 -4.3645997  -4.44998455 -4.46169949 -4.57340574 -4.68193865 -4.23644257
 -4.27945232 -4.18753862 -4.05445147 -3.99957585 -4.28423262 -4.23825264
 -4.23930454 -3.91794801 -3.68551111 -3.80525017 -3.617378   -3.84004164
 -3.83287597 -3.91063213 -4.40947771 -4.37269592 -4.42784691 -4.20729733
 -4.16551113 -4.06633282 -3.80207944 -3.83411884 -3.53325295 -3.4217484
 -3.45506501 -3.42810583 -3.59646487 -3.57459497 -3.63630414 -3.84673429
 -3.85668778 -3.80840492 -3.65897536 -3.86860871 -3.48826933 -3.5956378
 -3.5324049  -3.57008505 -3.73270917 -3.87998152 -3.65820265 -3.45937037
 -3.4808414  -3.60926461 -3.20480204 -3.28319192 -3.39691305 -3.31238389
 -3.72389603 -3.93034148 -3.46553469 -3.28108788 -3.35236287 -3.57199121
 -3.57619166 -3.32717729 -3.48997259 -3.44781375 -3.87687302 -4.04468727
 -3.88307714 -3.57288432 -3.60121274 -3.19650578 -3.09353733 -3.35614944
 -3.58965206 -3.57018137 -3.76090336 -4.12176132 -4.31118441 -4.07152081
 -4.46556473 -4.54133511 -4.73040199 -4.75496912 -4.69931459 -4.50155926
 -4.74129677 -4.2727375  -4.00077868 -3.65910363 -3.57070589 -3.59246874
 -3.4494462  -3.11821198 -3.22976708 -2.95850468 -2.91633201 -3.29390955
 -3.40889025 -3.62733173 -3.89266014 -4.21242523 -4.29465342 -4.42360449
 -4.4030509  -4.22021723 -4.12501812 -4.33151054 -4.46969461 -4.61257553
 -4.3215065  -4.48229313 -4.43729973 -4.33460331 -3.8378191  -3.61178207
 -4.026649   -3.8561914  -3.704988   -3.84842825 -3.62663984 -3.69774485
 -3.84304261 -4.09821701 -4.30064678 -4.20926952 -4.03815079 -4.32541752
 -3.79642963 -3.77338409 -3.4836061  -3.77337289 -3.59512973 -3.42060208]
<NDArray 300 @cpu(0)>

[-1. -1. -1. -1. -1. -1. -1. -1. -1. -1. -1. -1. -1. -1. -1. -1. -1. -1.
 -1. -1. -1. -1. -1. -1. -1. -1. -1. -1. -1. -1. -1. -1. -1. -1. -1. -1.
 -1. -1. -1. -1. -1. -1. -1. -1. -1. -1. -1. -1. -1. -1. -1. -1. -1. -1.
 -1. -1. -1. -1. -1. -1. -1. -1. -1. -1. -1. -1. -1. -1. -1. -1. -1. -1.
 -1. -1. -1. -1. -1. -1. -1. -1. -1. -1. -1. -1. -1. -1. -1. -1. -1. -1.
 -1. -1. -1. -1. -1. -1. -1. -1. -1. -1. -1. -1. -1. -1. -1. -1. -1. -1.
 -1. -1. -1. -1. -1. -1. -1. -1. -1. -1. -1. -1. -1. -1. -1. -1. -1. -1.
 -1. -1. -1. -1. -1. -1. -1. -1. -1. -1. -1. -1. -1. -1. -1. -1. -1. -1.
 -1. -1. -1. -1. -1. -1. -1. -1. -1. -1. -1. -1. -1. -1. -1. -1. -1. -1.
 -1. -1. -1. -1. -1. -1. -1. -1. -1. -1. -1. -1. -1. -1. -1. -1. -1. -1.
 -1. -1. -1. -1. -1. -1. -1. -1. -1. -1. -1. -1. -1. -1. -1. -1. -1. -1.
 -1. -1. -1. -1. -1. -1. -1. -1. -1. -1. -1. -1. -1. -1. -1. -1. -1. -1.
 -1. -1. -1. -1. -1. -1. -1. -1. -1. -1. -1. -1. -1. -1. -1. -1. -1. -1.
 -1. -1. -1. -1. -1. -1. -1. -1. -1. -1. -1. -1. -1. -1. -1. -1. -1. -1.
 -1. -1. -1. -1. -1. -1. -1. -1. -1. -1. -1. -1. -1. -1. -1. -1. -1. -1.
 -1. -1. -1. -1. -1. -1. -1. -1. -1. -1. -1. -1. -1. -1. -1. -1. -1. -1.
 -1. -1. -1. -1. -1. -1. -1. -1. -1. -1. -1. -1.]
<NDArray 300 @cpu(0)>
Metric. Data id =  0  Time:  1873.29278994
Metric. Data id =  50000  Time:  1925.85203004
Metric. Data id =  100000  Time:  1982.89219904
Metric. Data id =  150000  Time:  2033.48730493
Epoch 2. Loss: 0.0318011066469, Train_acc 0.988906032932, Test_acc 0.988581980857
Time preparing net:  2059.39446807
